,0,1,2,3,4,5,6,7,8,9,10,11,12,13,14,15,16,17,18,19,20,21,22,23,24,25,26,27,28,29,30,31,32,33,34,35,36,37,38,39,40,41,42,43,44,45,46,47,48,49,50,51,52,53,54,55,56,57,58,59,60,61,62,63,64,65,66,67,68,69,70,71,72,73,74
10,-0.028078,0.33537,3.5661,-0.020131,0.60089,3.4413,-0.010625,0.86058,3.3068,-0.062752,0.97725,3.2511,-0.11531,0.8422,3.4667,-0.15178,0.55005,3.4819,-0.29498,0.48399,3.3083,-0.25722,0.52768,3.3184,0.078832,0.72498,3.2596,0.12574,0.47657,3.3215,0.04847,0.27056,3.3741,0.020417,0.21308,3.4047,-0.069504,0.34312,3.5792,-0.074868,0.0010629,3.7876,0.0099345,-0.32934,4.0207,-0.07119,-0.39866,3.9463,0.01417,0.32164,3.489,0.07917,0.013808,3.5355,0.15075,-0.38988,3.85,0.13154,-0.41584,3.9485,-0.013053,0.79663,3.3424,-0.2745,0.52802,3.2896,-0.25796,0.48126,3.3067,-0.012368,0.14381,3.4174,0.051046,0.21518,3.4127
11,-0.027311,0.33503,3.5659,-0.019391,0.60071,3.4412,-0.010216,0.86051,3.3067,-0.062816,0.97704,3.251,-0.11529,0.84213,3.4665,-0.15185,0.55011,3.482,-0.29318,0.50084,3.3012,-0.26088,0.52382,3.3189,0.079218,0.72475,3.259,0.12609,0.47651,3.3215,0.048435,0.27061,3.3742,0.018875,0.21363,3.403,-0.068889,0.34253,3.579,-0.074758,0.0014433,3.7872,0.010649,-0.33777,4.0235,-0.0064894,-0.42809,4.0221,0.01509,0.32152,3.4889,0.079418,0.013945,3.5354,0.1506,-0.38984,3.8496,0.068352,-0.45855,3.7753,-0.012558,0.79654,3.3424,-0.27012,0.50576,3.2903,-0.25683,0.48624,3.2924,-0.016228,0.1453,3.4129,0.0064669,0.15342,3.3927
12,-0.027355,0.33501,3.5663,-0.01926,0.60066,3.4413,-0.0099437,0.86037,3.3067,-0.062462,0.97638,3.2509,-0.11512,0.84235,3.4666,-0.15177,0.55091,3.4829,-0.29136,0.49782,3.3018,-0.33806,0.48067,3.2449,0.0794,0.72464,3.259,0.1262,0.47659,3.3214,0.048262,0.27081,3.3742,0.019993,0.21944,3.4017,-0.068812,0.34267,3.5793,-0.074529,0.0010048,3.7881,0.010399,-0.33752,4.0239,-0.070718,-0.40675,3.9495,0.014806,0.32126,3.4895,0.079503,0.014327,3.5353,0.15075,-0.38981,3.8497,0.068498,-0.4585,3.7754,-0.012332,0.79643,3.3424,-0.34708,0.4627,3.2163,-0.33349,0.4433,3.2184,-0.022199,0.15044,3.4167,0.052845,0.22435,3.4081
13,-0.027678,0.33507,3.5675,-0.01894,0.60061,3.4417,-0.0089392,0.86015,3.3066,-0.062427,0.97505,3.252,-0.11505,0.84239,3.4665,-0.15175,0.55109,3.4832,-0.28554,0.51372,3.2936,-0.26495,0.50896,3.2821,0.080887,0.72445,3.2593,0.12638,0.47677,3.3215,0.048313,0.27095,3.3741,0.018292,0.21776,3.404,-0.069066,0.34272,3.5798,-0.074374,0.00073727,3.7888,0.010236,-0.33903,4.0238,-0.070597,-0.40834,3.9492,0.014416,0.32132,3.4917,0.079634,0.014159,3.5357,0.15054,-0.39011,3.8497,0.068573,-0.4589,3.7751,-0.011566,0.79627,3.3424,-0.26402,0.50718,3.2706,-0.2633,0.5058,3.2617,-0.020253,0.15206,3.4179,0.041667,0.20997,3.4092
14,-0.027613,0.33494,3.5675,-0.018552,0.60032,3.4417,-0.0082347,0.85965,3.3066,-0.06202,0.97416,3.2524,-0.11507,0.84234,3.4667,-0.152,0.55118,3.4841,-0.27823,0.52767,3.287,-0.2741,0.52912,3.2923,0.081215,0.72442,3.2592,0.12648,0.47658,3.3215,0.046443,0.27156,3.3743,0.018308,0.22103,3.4012,-0.069006,0.3426,3.5797,-0.073502,-0.00057505,3.7902,0.0097722,-0.33967,4.0265,-0.071019,-0.40896,3.9518,0.014478,0.32119,3.4917,0.08022,0.013987,3.5351,0.15057,-0.39005,3.8496,0.068633,-0.45882,3.775,-0.010919,0.79581,3.3424,-0.26703,0.52212,3.2712,-0.27802,0.54408,3.2785,-0.018347,0.14956,3.4067,0.009329,0.24875,3.3985
15,-0.027518,0.33497,3.5674,-0.017938,0.6004,3.4418,-0.0069526,0.85975,3.3072,-0.061423,0.97382,3.2527,-0.1149,0.84252,3.4672,-0.15195,0.55168,3.4854,-0.26914,0.56139,3.2816,-0.27406,0.54962,3.2799,0.081667,0.72429,3.2594,0.12643,0.47651,3.3216,0.044989,0.27162,3.3731,0.015834,0.22028,3.402,-0.068976,0.34261,3.5797,-0.073471,-0.00076653,3.7905,0.0097399,-0.33951,4.0269,-0.071066,-0.40872,3.9522,0.014718,0.32126,3.4913,0.080398,0.014103,3.5349,0.15067,-0.38998,3.8497,0.068719,-0.45867,3.775,-0.0098009,0.79591,3.3428,-0.26679,0.53062,3.2505,-0.27553,0.57483,3.2606,-0.021374,0.15177,3.4114,0.05191,0.23089,3.4083
16,-0.026833,0.33457,3.5664,-0.017187,0.60038,3.4418,-0.0058676,0.86008,3.308,-0.060855,0.97458,3.2531,-0.11476,0.84213,3.468,-0.15196,0.55136,3.4868,-0.25586,0.58444,3.2772,-0.27976,0.57444,3.2771,0.082163,0.72415,3.2597,0.12645,0.4765,3.3216,0.043775,0.27254,3.3746,0.014623,0.21683,3.4033,-0.068642,0.34238,3.5792,-0.073721,-0.00042402,3.7906,0.010971,-0.33781,4.0262,-0.069852,-0.40695,3.9514,0.015809,0.32068,3.4897,0.080411,0.013784,3.535,0.15031,-0.38967,3.8498,0.068352,-0.45828,3.7751,-0.0088152,0.79613,3.3434,-0.27587,0.56654,3.2538,-0.2801,0.59178,3.2649,-0.033055,0.15241,3.4107,0.041728,0.20845,3.4136
17,-0.026638,0.33461,3.5661,-0.016728,0.60046,3.4419,-0.0051332,0.86024,3.3086,-0.060251,0.97401,3.2542,-0.11468,0.84179,3.4682,-0.16365,0.54146,3.5227,-0.247,0.59069,3.3052,-0.25327,0.5931,3.3048,0.082493,0.72438,3.26,0.12656,0.47644,3.3217,0.043399,0.27258,3.3743,0.014153,0.21943,3.4016,-0.068524,0.34255,3.5793,-0.074243,-0.00020063,3.7903,0.010517,-0.33711,4.0269,-0.028405,-0.41733,4.0336,0.016269,0.32039,3.4882,0.080186,0.01371,3.5347,0.15062,-0.38877,3.8492,0.068741,-0.45738,3.7743,-0.008137,0.79626,3.3438,-0.28036,0.58883,3.2491,-0.24715,0.61191,3.2824,-0.029575,0.15186,3.4134,0.040247,0.21373,3.4085
18,-0.026613,0.3346,3.5661,-0.016493,0.60028,3.4421,-0.0047302,0.85967,3.309,-0.059805,0.97275,3.2548,-0.11455,0.84231,3.4693,-0.16562,0.5424,3.5242,-0.24694,0.5947,3.3094,-0.2566,0.61159,3.2902,0.083712,0.72484,3.2608,0.12652,0.47629,3.3218,0.043112,0.27239,3.374,0.013938,0.21941,3.403,-0.068478,0.34257,3.5794,-0.075332,0.00046295,3.7902,0.0087902,-0.33642,4.0262,-0.071803,-0.4056,3.9511,0.016287,0.32035,3.488,0.079466,0.013771,3.5354,0.14999,-0.38938,3.8487,0.068251,-0.45802,3.7736,-0.0077613,0.79581,3.3442,-0.28205,0.61107,3.2242,-0.21731,0.62048,3.2929,-0.025071,0.15114,3.4122,0.044407,0.21826,3.4107
19,-0.026978,0.33446,3.5665,-0.016294,0.60045,3.4428,-0.0037811,0.86043,3.3103,-0.05964,0.97266,3.2553,-0.11466,0.84227,3.4713,-0.1532,0.60713,3.5185,-0.25463,0.60029,3.3058,-0.2546,0.62189,3.2743,0.085715,0.72466,3.2621,0.12706,0.47577,3.3227,0.042916,0.27192,3.3741,0.012986,0.21876,3.402,-0.068824,0.34242,3.5797,-0.075646,0.00038365,3.7903,0.0083143,-0.33823,4.0273,-0.072049,-0.40741,3.9517,0.015765,0.32025,3.4886,0.07951,0.013629,3.5354,0.1497,-0.3893,3.8481,0.068188,-0.45795,3.7727,-0.0070235,0.79639,3.3453,-0.28271,0.61984,3.2128,-0.26453,0.65723,3.2457,-0.028927,0.15238,3.4135,0.044152,0.21932,3.4097
20,-0.02668,0.33242,3.5669,-0.015854,0.60002,3.4432,-0.0033364,0.86076,3.3108,-0.059047,0.97221,3.2556,-0.12546,0.80425,3.4785,-0.16168,0.58473,3.5269,-0.24739,0.61841,3.31,-0.25976,0.64419,3.2647,0.085986,0.72486,3.2625,0.12722,0.47503,3.3235,0.04251,0.27118,3.3741,0.013754,0.21848,3.4018,-0.069396,0.34007,3.5807,-0.076104,0.00057173,3.7901,0.0083958,-0.33621,4.026,-0.069342,-0.40649,3.9477,0.016822,0.31826,3.4887,0.079311,0.011605,3.5361,0.14921,-0.3902,3.849,0.070328,-0.45992,3.7707,-0.0066019,0.79653,3.3457,-0.28471,0.65073,3.2058,-0.27205,0.66979,3.212,-0.027697,0.14967,3.4093,0.016563,0.19732,3.3769
21,-0.026716,0.33182,3.5666,-0.015701,0.59989,3.4432,-0.0030849,0.86087,3.3109,-0.058919,0.97265,3.2556,-0.12599,0.80269,3.4786,-0.17093,0.58638,3.532,-0.24756,0.65982,3.2967,-0.26105,0.66749,3.2514,0.086726,0.72582,3.2629,0.12726,0.47498,3.3235,0.042501,0.27116,3.3741,0.015446,0.21933,3.4019,-0.070037,0.33912,3.5805,-0.076761,0.00058535,3.7898,0.0075309,-0.33637,4.0264,-0.06985,-0.40674,3.9477,0.017203,0.31787,3.4884,0.079221,0.011277,3.5363,0.14858,-0.39224,3.8504,0.070058,-0.46205,3.7718,-0.0063802,0.79657,3.3458,-0.2814,0.67032,3.183,-0.26627,0.70633,3.2196,-0.033039,0.15229,3.4079,0.039321,0.20758,3.4081
22,-0.027093,0.32993,3.5671,-0.015581,0.59923,3.4438,-0.0028679,0.86091,3.3114,-0.058739,0.97269,3.2554,-0.13367,0.78985,3.4858,-0.20315,0.57539,3.5219,-0.24628,0.66105,3.2961,-0.25874,0.68418,3.2169,0.087528,0.72578,3.2631,0.12718,0.4749,3.3234,0.043843,0.27027,3.3733,0.015347,0.21619,3.4038,-0.071194,0.33699,3.5813,-0.0776,-0.00023928,3.7908,0.0084866,-0.33914,4.0257,-0.067921,-0.40981,3.946,0.017436,0.31628,3.4887,0.079332,0.0099165,3.5374,0.14855,-0.39226,3.8504,0.11764,-0.4345,3.9417,-0.0061772,0.79647,3.3463,-0.22702,0.71639,3.1358,-0.21273,0.69243,3.2425,-0.018566,0.14537,3.4195,0.010916,0.16359,3.3971
23,-0.026874,0.32959,3.5668,-0.015884,0.59907,3.4446,-0.0055135,0.86166,3.3162,-0.05886,0.97263,3.2558,-0.13474,0.78809,3.4853,-0.21006,0.5816,3.5411,-0.24813,0.68788,3.2488,-0.2599,0.7048,3.219,0.087773,0.72619,3.2635,0.1275,0.4746,3.3237,0.04322,0.27024,3.3731,0.015594,0.21467,3.4028,-0.0714,0.33632,3.5812,-0.077678,-0.00012509,3.7906,0.0083367,-0.33819,4.025,-0.06767,-0.40897,3.9448,0.018416,0.31623,3.4878,0.079308,0.0099213,3.5374,0.14804,-0.3925,3.848,0.070899,-0.46272,3.7679,-0.0079792,0.79686,3.3498,-0.27833,0.73126,3.1807,-0.26186,0.74215,3.1974,-0.024532,0.14526,3.4081,0.003164,0.14781,3.4011
24,-0.025247,0.32886,3.5653,-0.015842,0.59889,3.4449,-0.0068731,0.86155,3.3183,-0.057977,0.97413,3.255,-0.13638,0.78703,3.4849,-0.21517,0.58348,3.5451,-0.24904,0.6902,3.25,-0.25815,0.72961,3.2259,0.088132,0.7257,3.2638,0.12781,0.47502,3.3235,0.044308,0.27046,3.3734,0.014966,0.21383,3.4059,-0.070918,0.33556,3.5805,-0.077807,-3.3279e-05,3.7904,0.0084109,-0.33868,4.0249,-0.067146,-0.40961,3.9442,0.021751,0.31593,3.4855,0.079587,0.0095238,3.5366,0.14807,-0.39241,3.8483,0.071385,-0.46279,3.7677,-0.0088419,0.79671,3.3514,-0.27705,0.75358,3.1711,-0.2431,0.76392,3.2146,-0.022774,0.14341,3.4126,0.041687,0.20732,3.4109
25,-0.025172,0.32941,3.5648,-0.015673,0.59909,3.4447,-0.0063873,0.86176,3.3178,-0.056917,0.97622,3.2582,-0.13872,0.78685,3.4836,-0.24332,0.59055,3.53,-0.25257,0.73528,3.2502,-0.25807,0.75407,3.2188,0.088233,0.72573,3.2639,0.12797,0.47474,3.324,0.043716,0.27051,3.3739,0.017276,0.22074,3.4065,-0.071105,0.3359,3.5802,-0.078041,5.2987e-05,3.7902,0.0078613,-0.34106,4.0264,-0.067092,-0.41219,3.9451,0.022095,0.31683,3.4849,0.079353,0.010455,3.5365,0.14838,-0.39175,3.8479,0.072291,-0.46235,3.7668,-0.0085116,0.79692,3.3511,-0.26607,0.77791,3.1444,-0.22575,0.77293,3.2137,-0.023741,0.15258,3.4144,0.043134,0.21191,3.4083
26,-0.025154,0.32936,3.5649,-0.015868,0.59899,3.4451,-0.0069543,0.86175,3.3183,-0.057055,0.97579,3.2575,-0.13974,0.78765,3.4825,-0.24782,0.59376,3.5302,-0.25082,0.74655,3.2548,-0.25484,0.77181,3.2237,0.088664,0.72585,3.2639,0.12857,0.47499,3.3242,0.044099,0.27084,3.3741,0.018483,0.2198,3.4022,-0.071309,0.33561,3.5805,-0.078529,0.00067832,3.7892,0.0074874,-0.33717,4.0255,-0.067074,-0.40848,3.9439,0.02223,0.31684,3.4848,0.079326,0.01047,3.5364,0.14847,-0.39153,3.8478,0.072768,-0.46229,3.7662,-0.0090194,0.7969,3.3516,-0.25707,0.80665,3.1501,-0.21633,0.78459,3.2205,-0.023582,0.14957,3.4238,0.032378,0.18823,3.4118
27,-0.024953,0.32975,3.5642,-0.015759,0.59948,3.4442,-0.0069062,0.86273,3.3161,-0.057476,0.97732,3.2566,-0.14123,0.78779,3.4797,-0.27851,0.60398,3.4875,-0.25091,0.76542,3.2324,-0.25047,0.7923,3.2121,0.088673,0.72558,3.2641,0.12872,0.47468,3.3243,0.043719,0.27079,3.3744,0.017248,0.21533,3.4048,-0.071637,0.33618,3.5795,-0.078695,0.0007999,3.7889,0.0074851,-0.33692,4.0255,-0.066359,-0.40854,3.9433,0.022794,0.3172,3.4844,0.078469,0.010944,3.5372,0.14815,-0.39226,3.848,0.073164,-0.46332,3.7658,-0.0089794,0.79776,3.3499,-0.25457,0.8306,3.145,-0.20159,0.78359,3.1948,-0.018392,0.1406,3.4157,0.045691,0.21243,3.4111
28,-0.023864,0.33036,3.5627,-0.015255,0.60015,3.4428,-0.0068287,0.8637,3.3139,-0.057151,0.97797,3.2564,-0.14319,0.79006,3.4775,-0.28025,0.60757,3.4949,-0.25213,0.77445,3.2327,-0.24911,0.81027,3.2141,0.08853,0.72568,3.2643,0.12882,0.47458,3.3244,0.045668,0.27032,3.3758,0.017771,0.21364,3.4054,-0.071143,0.33653,3.5774,-0.079418,0.0012035,3.7888,0.0074679,-0.33689,4.0255,-0.065779,-0.40877,3.9428,0.024427,0.31814,3.4834,0.07775,0.01182,3.5374,0.1476,-0.39625,3.8521,0.073223,-0.46754,3.7695,-0.0088087,0.79866,3.348,-0.25538,0.85067,3.1567,-0.19875,0.8035,3.2165,-0.018384,0.14049,3.4132,0.013622,0.15112,3.3971
29,-0.023291,0.33036,3.5624,-0.01549,0.60023,3.4432,-0.0095084,0.8641,3.3167,-0.05682,0.97931,3.2564,-0.14951,0.78936,3.4737,-0.29747,0.6132,3.4714,-0.25295,0.78036,3.2334,-0.24838,0.82004,3.2111,0.088541,0.72573,3.2642,0.12934,0.47561,3.325,0.046005,0.27133,3.376,0.018184,0.21427,3.4064,-0.071041,0.33617,3.577,-0.079445,0.0014253,3.7883,0.0077084,-0.33467,4.0236,-0.063866,-0.40714,3.9394,0.025993,0.3188,3.4833,0.07723,0.012268,3.5377,0.14712,-0.39604,3.8522,0.074421,-0.4679,3.768,-0.010681,0.799,3.35,-0.24616,0.8663,3.1523,-0.19823,0.80686,3.1974,-0.020229,0.14252,3.4136,0.044856,0.20484,3.4138
30,-0.023103,0.33047,3.5619,-0.015331,0.60053,3.4424,-0.0089949,0.86479,3.3143,-0.057145,0.97998,3.2565,-0.14792,0.79028,3.4719,-0.29791,0.61627,3.474,-0.25442,0.78448,3.2365,-0.24535,0.83735,3.2044,0.088226,0.72575,3.2643,0.12948,0.47583,3.325,0.047666,0.27118,3.3769,0.01852,0.21244,3.4054,-0.071015,0.33611,3.5767,-0.079425,0.0013967,3.7882,0.0071059,-0.33523,4.0245,-0.064484,-0.40773,3.9403,0.026263,0.31914,3.4826,0.076942,0.012678,3.5376,0.1475,-0.39527,3.8524,0.11375,-0.43491,3.9079,-0.010346,0.79959,3.3482,-0.24211,0.88846,3.159,-0.19535,0.82282,3.1921,-0.016234,0.1425,3.4132,0.047406,0.21325,3.4145
31,-0.022735,0.33064,3.5614,-0.015126,0.60097,3.4409,-0.0088534,0.86563,3.3103,-0.057531,0.98087,3.2566,-0.14607,0.79186,3.4688,-0.2997,0.62161,3.4751,-0.25492,0.78898,3.2391,-0.24162,0.84683,3.2044,0.087633,0.72584,3.2641,0.12956,0.47584,3.3251,0.049407,0.27099,3.3784,0.020035,0.21348,3.406,-0.070909,0.33609,3.5763,-0.079294,0.0016421,3.7874,0.0069189,-0.33645,4.0246,-0.064591,-0.40908,3.9406,0.026804,0.31951,3.4821,0.076834,0.013056,3.5374,0.14676,-0.39392,3.8537,0.074116,-0.46597,3.7697,-0.010235,0.80035,3.345,-0.23436,0.89692,3.1438,-0.19038,0.83834,3.1875,-0.014378,0.14118,3.419,0.021495,0.17971,3.3886
32,-0.022802,0.33142,3.561,-0.015366,0.60176,3.4399,-0.0090977,0.86628,3.3082,-0.057306,0.98285,3.2568,-0.14555,0.79262,3.4673,-0.30738,0.62915,3.4611,-0.25535,0.79396,3.2409,-0.24103,0.85806,3.1994,0.086545,0.72633,3.2639,0.12967,0.47645,3.3249,0.050801,0.27038,3.3799,0.022354,0.21375,3.4086,-0.071163,0.33678,3.5755,-0.079273,0.0016244,3.7874,0.0067905,-0.33538,4.0241,-0.064748,-0.40807,3.9402,0.026779,0.32042,3.4821,0.076506,0.013947,3.5375,0.14802,-0.39315,3.8527,0.075335,-0.46527,3.7688,-0.010518,0.80107,3.3432,-0.23771,0.90345,3.137,-0.19285,0.83913,3.1825,-0.016238,0.14265,3.4169,0.060442,0.2189,3.4149
33,-0.021895,0.3318,3.5597,-0.01593,0.60189,3.4399,-0.013692,0.86625,3.3107,-0.056091,0.98467,3.257,-0.14504,0.79334,3.4659,-0.30756,0.63053,3.4593,-0.25444,0.79654,3.2436,-0.23898,0.86617,3.1989,0.08582,0.72647,3.2637,0.12965,0.47646,3.325,0.050789,0.27036,3.3792,0.019487,0.21218,3.4061,-0.070727,0.33696,3.5744,-0.079368,0.0023408,3.7866,0.0071141,-0.33456,4.024,-0.064431,-0.4073,3.9402,0.028018,0.32095,3.4807,0.076526,0.014603,3.537,0.14985,-0.38863,3.8469,0.077145,-0.46082,3.7631,-0.013764,0.80116,3.3447,-0.22853,0.91752,3.1386,-0.19079,0.85026,3.183,-0.022171,0.141,3.4146,0.017492,0.16173,3.3869
34,-0.021431,0.33243,3.5591,-0.015801,0.60256,3.4385,-0.013229,0.86688,3.3076,-0.055097,0.98899,3.256,-0.14502,0.79385,3.4654,-0.31029,0.63369,3.4523,-0.25407,0.79984,3.2444,-0.23758,0.87113,3.2016,0.085379,0.72667,3.2638,0.12967,0.47669,3.3252,0.051229,0.27046,3.3798,0.022499,0.21309,3.4075,-0.070284,0.33769,3.5727,-0.079295,0.0028299,3.7856,0.0069353,-0.3355,4.0245,-0.064552,-0.40834,3.9407,0.028518,0.32162,3.4809,0.07642,0.015113,3.537,0.15042,-0.38798,3.8464,0.07777,-0.46028,3.7627,-0.013523,0.80179,3.3422,-0.22961,0.92244,3.1486,-0.19057,0.84776,3.1728,-0.010632,0.14278,3.4199,0.065165,0.22844,3.4178
35,-0.022648,0.33382,3.5598,-0.016171,0.60324,3.4382,-0.012517,0.86746,3.3057,-0.054153,0.98936,3.2567,-0.15504,0.7922,3.4551,-0.3168,0.62885,3.4516,-0.25453,0.80204,3.244,-0.23712,0.87277,3.2005,0.084651,0.72696,3.2639,0.1297,0.47639,3.3257,0.05056,0.27099,3.3785,0.019153,0.21293,3.4073,-0.072588,0.33998,3.5717,-0.079843,0.0035954,3.7847,0.0071038,-0.33595,4.0244,-0.060861,-0.40996,3.9377,0.027444,0.32289,3.484,0.076206,0.015516,3.537,0.14998,-0.38845,3.8468,0.08086,-0.46192,3.7602,-0.013259,0.80237,3.3409,-0.2284,0.92553,3.137,-0.19077,0.88787,3.195,-0.015586,0.1437,3.4243,0.054769,0.22644,3.4114
36,-0.022474,0.33436,3.5592,-0.016236,0.60371,3.4373,-0.012438,0.86764,3.3046,-0.051177,0.99106,3.2553,-0.15711,0.79208,3.4522,-0.32241,0.63199,3.4371,-0.25438,0.80522,3.2414,-0.23634,0.87472,3.2004,0.083628,0.72696,3.2637,0.12936,0.47608,3.3257,0.050143,0.27046,3.3777,0.020513,0.21231,3.406,-0.072819,0.3402,3.5703,-0.080137,0.004188,3.7841,0.0069925,-0.33607,4.0242,-0.0080618,-0.42776,4.019,0.028073,0.32372,3.4838,0.076226,0.0156,3.5371,0.14986,-0.38834,3.8467,0.081439,-0.46205,3.7596,-0.013243,0.80264,3.3398,-0.22909,0.93137,3.1535,-0.18711,0.85999,3.1735,-0.016238,0.14262,3.4161,0.060142,0.22572,3.4156
37,-0.024442,0.33602,3.5609,-0.016421,0.60408,3.4373,-0.011351,0.86775,3.3035,-0.049681,0.99147,3.2552,-0.15815,0.79279,3.4499,-0.32357,0.63283,3.4346,-0.24764,0.82311,3.2258,-0.23075,0.8872,3.1979,0.082939,0.72697,3.2638,0.1294,0.47722,3.326,0.051049,0.27148,3.3788,0.021668,0.21427,3.4083,-0.074687,0.3416,3.5708,-0.080663,0.0062984,3.7821,0.0069903,-0.33653,4.0252,-0.011445,-0.42906,4.0141,0.025975,0.32544,3.4874,0.076134,0.015966,3.5372,0.1494,-0.38955,3.8485,0.081454,-0.4634,3.7611,-0.012731,0.80283,3.3392,-0.21507,0.94716,3.1553,-0.17903,0.86455,3.173,-0.015914,0.14631,3.4112,0.06021,0.2258,3.416
38,-0.023811,0.33642,3.5603,-0.01646,0.60408,3.4372,-0.011886,0.86716,3.3039,-0.04739,0.99391,3.2558,-0.15808,0.79337,3.4486,-0.32406,0.63399,3.4333,-0.24652,0.82642,3.2222,-0.22849,0.89144,3.1995,0.082856,0.72736,3.2641,0.12937,0.47723,3.3261,0.050545,0.27142,3.378,0.019966,0.21347,3.4062,-0.074601,0.34174,3.5699,-0.080793,0.0063462,3.7822,0.0065435,-0.33929,4.0262,-0.0025569,-0.43163,4.0213,0.027638,0.32613,3.4868,0.076125,0.016098,3.5371,0.14925,-0.38944,3.8483,0.081573,-0.46339,3.7607,-0.013046,0.80251,3.3394,-0.21352,0.96008,3.1745,-0.18157,0.86895,3.177,-0.014386,0.14309,3.415,0.021588,0.18564,3.3838
39,-0.02365,0.33653,3.5599,-0.016369,0.60436,3.4365,-0.011506,0.86741,3.3027,-0.046968,0.99385,3.2562,-0.15896,0.79325,3.447,-0.32589,0.63491,3.4324,-0.24679,0.82932,3.2178,-0.23027,0.89346,3.1968,0.082309,0.72737,3.2643,0.1283,0.47759,3.3271,0.051503,0.27079,3.3783,0.021982,0.21355,3.4084,-0.074655,0.34169,3.5698,-0.080765,0.006466,3.7819,0.0065351,-0.33885,4.0261,-0.059552,-0.41347,3.9382,0.028235,0.32642,3.4861,0.07567,0.016432,3.5374,0.14923,-0.38961,3.8499,0.081991,-0.4637,3.762,-0.01274,0.80276,3.3383,-0.21995,0.96006,3.1735,-0.18584,0.86926,3.1666,-0.014387,0.1432,3.4176,0.048785,0.20927,3.4166
40,-0.025809,0.33719,3.5614,-0.018301,0.60506,3.4381,-0.012521,0.86774,3.3041,-0.04474,0.99481,3.2569,-0.15996,0.79475,3.445,-0.32736,0.6369,3.4315,-0.2469,0.83121,3.2147,-0.22699,0.89736,3.194,0.082262,0.72738,3.2641,0.12817,0.47725,3.3271,0.052293,0.27025,3.3787,0.023373,0.2194,3.4074,-0.076848,0.34259,3.5709,-0.080865,0.0065177,3.7819,0.0074029,-0.33717,4.0252,-0.058302,-0.41189,3.9369,0.025951,0.32659,3.4881,0.075297,0.016686,3.5376,0.14903,-0.39059,3.8502,0.082175,-0.46477,3.7619,-0.013928,0.80313,3.3396,-0.21602,0.96019,3.1623,-0.1775,0.87642,3.1718,-0.012637,0.15145,3.4138,0.048423,0.20905,3.4157
41,-0.02399,0.33763,3.5603,-0.018271,0.60505,3.4382,-0.014021,0.86683,3.3069,-0.043684,0.99512,3.2579,-0.16048,0.79497,3.4447,-0.33032,0.63987,3.4258,-0.2478,0.83373,3.2142,-0.22833,0.90098,3.194,0.081664,0.72773,3.2647,0.12816,0.47704,3.3276,0.052246,0.26988,3.3787,0.023195,0.21967,3.4063,-0.076104,0.3424,3.5702,-0.080932,0.006398,3.7822,0.0073203,-0.33677,4.025,-0.058219,-0.41151,3.9366,0.029318,0.32786,3.4864,0.075189,0.016951,3.5377,0.14891,-0.3912,3.8501,0.082219,-0.46538,3.7617,-0.01479,0.80258,3.3414,-0.21594,0.96374,3.1598,-0.17428,0.88172,3.1586,-0.0097025,0.15203,3.4174,0.048257,0.20884,3.4144
42,-0.023818,0.33767,3.5602,-0.018033,0.60568,3.4372,-0.013523,0.86878,3.3034,-0.041793,0.997,3.2587,-0.16178,0.7962,3.4438,-0.33064,0.64,3.4253,-0.24701,0.84519,3.2112,-0.22637,0.90911,3.1975,0.081524,0.7277,3.2645,0.12818,0.47647,3.3279,0.052023,0.26953,3.3793,0.023877,0.22234,3.4073,-0.076093,0.34241,3.5702,-0.081277,0.0065762,3.7822,0.006971,-0.33622,4.025,-0.05827,-0.41113,3.9365,0.029688,0.32788,3.4863,0.075206,0.017497,3.5377,0.14854,-0.39104,3.8492,0.082155,-0.4654,3.7607,-0.014446,0.80404,3.3388,-0.21856,0.96862,3.1728,-0.18628,0.87499,3.1686,-0.011826,0.1534,3.4194,0.014772,0.17068,3.3944
43,-0.025946,0.3403,3.5624,-0.018465,0.60718,3.4371,-0.012645,0.87025,3.3013,-0.041668,0.99732,3.2587,-0.16273,0.80012,3.4422,-0.32941,0.64149,3.4252,-0.24725,0.84515,3.2112,-0.22509,0.91083,3.1919,0.081397,0.72777,3.2642,0.12853,0.47642,3.3286,0.051052,0.26972,3.3792,0.024739,0.22238,3.4048,-0.077828,0.34587,3.5713,-0.081264,0.0062138,3.7826,0.0068324,-0.33598,4.0249,-0.058253,-0.41101,3.9364,0.026634,0.32954,3.49,0.074932,0.018232,3.5379,0.14924,-0.39036,3.8486,0.083,-0.46484,3.7602,-0.01404,0.8054,3.3374,-0.21336,0.97004,3.1512,-0.17679,0.8821,3.1647,-0.010114,0.1524,3.416,0.058546,0.23033,3.4137
44,-0.023475,0.34131,3.5587,-0.017612,0.60823,3.4355,-0.012438,0.87074,3.301,-0.041386,0.99745,3.2588,-0.16341,0.80331,3.4406,-0.33059,0.64526,3.4213,-0.24527,0.85009,3.2095,-0.22424,0.91273,3.1925,0.081288,0.72774,3.2638,0.12857,0.47658,3.3287,0.051184,0.26982,3.3792,0.023788,0.22141,3.4051,-0.075476,0.34684,3.5675,-0.081328,0.0062375,3.7825,0.0068138,-0.33592,4.0248,-0.058195,-0.41093,3.9362,0.029119,0.3303,3.4863,0.074842,0.018226,3.5378,0.14937,-0.39031,3.8488,0.083205,-0.46475,3.7602,-0.013717,0.80603,3.3368,-0.21007,0.97985,3.1645,-0.17797,0.88293,3.1631,-0.01062,0.15179,3.4118,0.053842,0.21564,3.4196
45,-0.023141,0.3419,3.5583,-0.017436,0.60897,3.4349,-0.012374,0.87121,3.3004,-0.040832,0.99861,3.26,-0.1635,0.80403,3.44,-0.34079,0.66267,3.3878,-0.24451,0.85022,3.2103,-0.22388,0.91388,3.1923,0.081147,0.72764,3.2636,0.12904,0.47695,3.3293,0.051272,0.2701,3.3791,0.024725,0.22157,3.4072,-0.075042,0.34772,3.5669,-0.081324,0.0061273,3.7828,0.0066806,-0.33676,4.0259,-0.058303,-0.41177,3.9372,0.029335,0.33056,3.4859,0.074859,0.01843,3.5378,0.14907,-0.39079,3.8516,0.082932,-0.46525,3.763,-0.013626,0.8066,3.3362,-0.21207,0.98494,3.1754,-0.17675,0.88748,3.1588,-0.0092529,0.15224,3.4125,0.051087,0.21343,3.4148
46,-0.025315,0.3437,3.5604,-0.019097,0.61053,3.4373,-0.013426,0.87222,3.3034,-0.039977,0.99888,3.2608,-0.16399,0.8063,3.4405,-0.34235,0.66552,3.3913,-0.25217,0.85035,3.2208,-0.22134,0.92736,3.189,0.080942,0.72756,3.2635,0.12918,0.47736,3.3292,0.051838,0.26994,3.3776,0.02514,0.22355,3.4079,-0.07662,0.34988,3.5697,-0.081489,0.0061672,3.783,0.0071156,-0.33669,4.026,-0.058127,-0.41158,3.9375,0.026517,0.33189,3.4875,0.07519,0.018614,3.5382,0.14847,-0.39142,3.8513,0.082086,-0.46575,3.7628,-0.014808,0.80773,3.3389,-0.21384,0.98719,3.1738,-0.17347,0.89417,3.1476,-0.0071039,0.1515,3.4171,0.016417,0.15953,3.398
47,-0.023337,0.34352,3.5585,-0.018288,0.61085,3.4358,-0.013284,0.87267,3.3024,-0.037663,1.0019,3.263,-0.16458,0.80694,3.4402,-0.34349,0.66778,3.3876,-0.25146,0.85087,3.2182,-0.22367,0.92605,3.1868,0.081003,0.7275,3.2632,0.12921,0.47739,3.3292,0.051765,0.26996,3.3774,0.024741,0.2239,3.4038,-0.075374,0.34923,3.5685,-0.081522,0.0062381,3.783,0.0072824,-0.33859,4.0267,-0.057897,-0.41349,3.9381,0.029497,0.33229,3.4844,0.075192,0.018626,3.5382,0.14847,-0.39147,3.8513,0.082148,-0.46583,3.7628,-0.014527,0.80816,3.3377,-0.2013,0.99164,3.1694,-0.18256,0.88937,3.1426,-0.0068738,0.15169,3.4096,0.058608,0.23425,3.4077
48,-0.024994,0.34447,3.5598,-0.018534,0.61109,3.4359,-0.013127,0.87272,3.302,-0.037058,1.0022,3.2642,-0.16601,0.81079,3.4402,-0.34217,0.66765,3.3892,-0.25158,0.85628,3.2151,-0.22108,0.93667,3.1898,0.080703,0.72752,3.2631,0.12914,0.47738,3.3293,0.050442,0.27036,3.3773,0.024264,0.21977,3.4028,-0.076481,0.35017,3.5695,-0.081403,0.0061814,3.7832,0.007304,-0.33742,4.0268,-0.057976,-0.41232,3.9383,0.027074,0.33307,3.4861,0.075519,0.018607,3.5382,0.14852,-0.39157,3.8513,0.082099,-0.46591,3.7629,-0.014489,0.80824,3.3376,-0.20535,0.99578,3.176,-0.17804,0.89782,3.1584,-0.01334,0.15337,3.4124,0.059337,0.23581,3.4082
49,-0.026401,0.34543,3.5615,-0.020467,0.61193,3.4378,-0.015227,0.87305,3.3039,-0.036597,1.0039,3.265,-0.16635,0.81261,3.4389,-0.34179,0.66725,3.3935,-0.23456,0.88047,3.1995,-0.21992,0.93793,3.1883,0.080281,0.72757,3.2629,0.12892,0.4772,3.3298,0.050277,0.26996,3.377,0.025333,0.22542,3.4057,-0.077843,0.3518,3.5718,-0.08134,0.0076882,3.7817,0.0069303,-0.33916,4.0276,-0.058264,-0.41409,3.9391,0.025605,0.3334,3.4874,0.075628,0.018739,3.5383,0.14891,-0.39122,3.8517,0.082563,-0.46562,3.7633,-0.016521,0.80871,3.3394,-0.20946,1.0003,3.1853,-0.17746,0.9051,3.1521,-0.0085336,0.15317,3.4167,0.058299,0.23403,3.4074
50,-0.024105,0.34626,3.5596,-0.020362,0.61204,3.4377,-0.015968,0.87299,3.3049,-0.036426,1.0044,3.2653,-0.16622,0.81326,3.4386,-0.34221,0.66864,3.3928,-0.24189,0.88409,3.1934,-0.22234,0.93753,3.185,0.079872,0.72751,3.2628,0.12876,0.47692,3.3299,0.049886,0.26957,3.3765,0.024042,0.22465,3.4023,-0.075892,0.35267,3.5715,-0.08121,0.0080263,3.7816,0.0075172,-0.33534,4.0252,-0.057777,-0.41027,3.9367,0.028565,0.33404,3.4829,0.076042,0.019305,3.538,0.14902,-0.39055,3.8517,0.082578,-0.46492,3.7634,-0.016856,0.80874,3.3399,-0.20716,1.0019,3.1668,-0.1749,0.90866,3.1484,-0.0090162,0.14975,3.4112,0.055503,0.22747,3.4057
51,-0.023487,0.34641,3.5595,-0.01962,0.61268,3.4371,-0.015301,0.87403,3.3037,-0.035616,1.0057,3.2673,-0.16609,0.81465,3.4382,-0.35514,0.69244,3.3788,-0.24259,0.89561,3.1917,-0.22155,0.93981,3.1863,0.079844,0.72756,3.2628,0.12867,0.47703,3.3302,0.048263,0.27005,3.376,0.024687,0.22878,3.4056,-0.075229,0.35286,3.5713,-0.081227,0.0083963,3.7814,0.0067779,-0.33722,4.0252,-0.058539,-0.41214,3.9368,0.029035,0.33409,3.483,0.07668,0.019015,3.5382,0.14933,-0.39129,3.8515,0.082858,-0.46567,3.7632,-0.016218,0.80965,3.3389,-0.21187,1.0038,3.1725,-0.18992,0.94797,3.201,-0.012829,0.1598,3.4167,0.047073,0.216,3.4062
52,-0.016934,0.34395,3.5558,-0.017956,0.6121,3.4365,-0.015256,0.87391,3.3041,-0.035424,1.006,3.2678,-0.1661,0.8157,3.4376,-0.34447,0.67498,3.3882,-0.24376,0.89747,3.1929,-0.22064,0.94464,3.1861,0.079783,0.72759,3.2627,0.12863,0.47684,3.3309,0.048194,0.26997,3.377,0.022849,0.22238,3.4052,-0.069999,0.34898,3.5686,-0.080937,0.0082433,3.7816,0.0067778,-0.33741,4.026,-0.058529,-0.41237,3.9376,0.036972,0.33311,3.4784,0.077969,0.016724,3.5401,0.14821,-0.39387,3.8537,0.11514,-0.44027,3.9427,-0.016031,0.80951,3.3391,-0.20843,1.0068,3.1765,-0.17182,0.91512,3.1477,-0.010118,0.15228,3.4133,0.055158,0.2362,3.4099
53,-0.017267,0.34431,3.5559,-0.017807,0.61263,3.436,-0.014911,0.87474,3.3032,-0.034854,1.0068,3.2683,-0.1663,0.81758,3.4377,-0.34426,0.67654,3.3874,-0.24353,0.89884,3.1919,-0.21997,0.94861,3.1839,0.079773,0.72757,3.2626,0.12862,0.47687,3.3309,0.047689,0.27023,3.3771,0.023467,0.22423,3.4059,-0.070159,0.34922,3.5686,-0.08099,0.0079163,3.7825,0.0069425,-0.33858,4.0265,-0.026731,-0.4111,4.0501,0.036267,0.33361,3.4787,0.078151,0.016593,3.5402,0.14797,-0.39406,3.8539,0.08139,-0.46842,3.7657,-0.015729,0.81025,3.3383,-0.20311,1.0119,3.1713,-0.17243,0.9156,3.1479,-0.009024,0.14982,3.4127,0.05791,0.23662,3.4097
54,-0.017406,0.34459,3.5557,-0.017816,0.61269,3.4361,-0.01522,0.87465,3.3042,-0.034796,1.0069,3.2683,-0.16606,0.81907,3.4367,-0.34455,0.6788,3.3861,-0.24351,0.89965,3.1914,-0.21744,0.9508,3.1839,0.079715,0.7276,3.2625,0.12823,0.47802,3.3304,0.04811,0.27112,3.3769,0.023078,0.22357,3.405,-0.070237,0.34981,3.5681,-0.081021,0.008121,3.7823,0.0068327,-0.33847,4.0262,-0.058589,-0.41336,3.9379,0.036044,0.33373,3.4788,0.078324,0.01677,3.54,0.1483,-0.39298,3.8528,0.081738,-0.46732,3.7646,-0.015908,0.81024,3.3389,-0.20154,1.0108,3.1659,-0.17394,0.91593,3.1495,-0.0125,0.15282,3.4139,0.054528,0.22932,3.4085
55,-0.018434,0.34513,3.5562,-0.018453,0.61314,3.4369,-0.016332,0.8752,3.3064,-0.035061,1.0072,3.2688,-0.16601,0.81976,3.4369,-0.34596,0.68112,3.3874,-0.24486,0.9008,3.1905,-0.2207,0.95041,3.186,0.078617,0.72867,3.2633,0.12822,0.47755,3.3311,0.049775,0.27038,3.3788,0.021871,0.22409,3.4068,-0.07109,0.35038,3.5686,-0.080967,0.0082342,3.7819,0.0068391,-0.33845,4.0261,-0.058649,-0.41326,3.9377,0.034744,0.33416,3.4794,0.078498,0.016936,3.5398,0.14855,-0.39269,3.8529,0.081916,-0.46695,3.7646,-0.01689,0.81075,3.3408,-0.20743,1.0118,3.171,-0.18204,0.97098,3.2164,-0.012421,0.15381,3.4179,0.04637,0.21711,3.4113
56,-0.019174,0.34617,3.5566,-0.018355,0.61332,3.4368,-0.015593,0.87499,3.3058,-0.035629,1.008,3.2698,-0.16594,0.82092,3.4368,-0.3461,0.68257,3.3873,-0.24572,0.9043,3.1909,-0.22062,0.95203,3.1868,0.077783,0.72982,3.2642,0.12796,0.4773,3.3313,0.050797,0.26996,3.3802,0.02439,0.22616,3.4081,-0.071863,0.35195,3.5685,-0.081012,0.0082185,3.782,0.0069006,-0.34018,4.0247,0.0045534,-0.43598,4.0029,0.033897,0.33481,3.4803,0.078517,0.016964,3.5398,0.14843,-0.39275,3.8526,0.081852,-0.46703,3.7643,-0.016404,0.81069,3.3404,-0.20684,1.0135,3.1755,-0.16269,0.93356,3.138,-0.0072853,0.15358,3.4184,0.05962,0.2359,3.4135
57,-0.019148,0.34614,3.5566,-0.01767,0.61301,3.4366,-0.013914,0.87402,3.3051,-0.035317,1.0082,3.2709,-0.16585,0.82028,3.4371,-0.34668,0.68317,3.3863,-0.24603,0.90512,3.1903,-0.21953,0.95288,3.1878,0.076681,0.73093,3.2655,0.12803,0.47759,3.3313,0.051358,0.27014,3.3805,0.024592,0.22508,3.4086,-0.071849,0.3518,3.5686,-0.081036,0.0087172,3.7815,0.0064919,-0.33911,4.0238,-0.058821,-0.41395,3.9353,0.033937,0.33481,3.4803,0.078651,0.017141,3.5398,0.14802,-0.39276,3.852,0.081563,-0.46706,3.7636,-0.014974,0.80989,3.3398,-0.20451,1.0169,3.1856,-0.16658,0.92568,3.1482,-0.0090281,0.15422,3.424,0.021935,0.18319,3.3902
58,-0.01604,0.34655,3.553,-0.017213,0.61321,3.4364,-0.014581,0.87442,3.3068,-0.035619,1.0085,3.2715,-0.16584,0.82061,3.4368,-0.34669,0.68367,3.3855,-0.25006,0.90686,3.2115,-0.21965,0.9553,3.1875,0.076705,0.73043,3.2647,0.12784,0.47751,3.3314,0.051227,0.26965,3.3791,0.025056,0.22431,3.4071,-0.069001,0.35186,3.5656,-0.081308,0.0090725,3.7812,0.0062777,-0.33836,4.024,-0.059211,-0.41307,3.9356,0.037197,0.3354,3.4763,0.078732,0.017591,3.5394,0.14811,-0.39272,3.852,0.11231,-0.42703,3.9446,-0.015154,0.81014,3.3407,-0.20575,1.0156,3.1875,-0.16616,0.92803,3.1469,-0.0063594,0.15138,3.4177,0.0638,0.2431,3.413
59,-0.016101,0.34665,3.5531,-0.017232,0.61333,3.4364,-0.014913,0.87459,3.3072,-0.035509,1.0096,3.2721,-0.16586,0.82083,3.4368,-0.34648,0.68396,3.3842,-0.25092,0.90665,3.1959,-0.22241,0.95356,3.188,0.076071,0.7308,3.2649,0.12799,0.47794,3.3314,0.051143,0.26986,3.3781,0.025586,0.22954,3.4028,-0.069018,0.35203,3.5654,-0.081464,0.0088045,3.7814,0.004844,-0.34713,4.0312,-0.060658,-0.42174,3.9428,0.036938,0.33557,3.477,0.078675,0.017783,3.5395,0.14821,-0.39257,3.8526,0.11121,-0.42948,3.944,-0.015398,0.81031,3.3409,-0.20945,1.0176,3.18,-0.16752,0.93291,3.1501,-0.0068679,0.161,3.4091,0.0054428,0.2547,3.3995
60,-0.017621,0.34676,3.5541,-0.01828,0.61354,3.4374,-0.01671,0.87482,3.3092,-0.035603,1.0097,3.2721,-0.16599,0.82093,3.4367,-0.34878,0.68557,3.3896,-0.25049,0.90839,3.1941,-0.22191,0.95328,3.1873,0.075754,0.73104,3.265,0.12723,0.47709,3.3318,0.050122,0.26896,3.3779,0.025018,0.22905,3.4055,-0.070393,0.35188,3.566,-0.081355,0.0090882,3.7811,0.0062608,-0.34012,4.0297,-0.020976,-0.3924,4.1174,0.035326,0.33587,3.4785,0.078518,0.017974,3.5392,0.14812,-0.39258,3.8526,0.081465,-0.46668,3.7642,-0.017071,0.81054,3.3429,-0.20628,1.0166,3.1852,-0.17535,0.92005,3.1486,-0.0050104,0.15981,3.4171,0.056629,0.23391,3.4117
61,-0.016684,0.34641,3.5531,-0.017199,0.61402,3.4355,-0.016106,0.87627,3.3065,-0.035655,1.0098,3.2719,-0.16604,0.82098,3.4367,-0.34903,0.68634,3.3879,-0.25103,0.90875,3.1911,-0.22412,0.95199,3.187,0.074666,0.73134,3.2656,0.12656,0.47643,3.3323,0.049419,0.26828,3.3783,0.024515,0.23037,3.4063,-0.069668,0.35123,3.5654,-0.081539,0.0089793,3.7816,0.0079954,-0.33686,4.0279,-0.057551,-0.41156,3.9395,0.036671,0.3358,3.4769,0.078389,0.018015,3.5396,0.14812,-0.39259,3.8526,0.081442,-0.46672,3.7643,-0.016365,0.81166,3.3405,-0.20836,1.0176,3.1865,-0.16656,0.93381,3.1458,-0.0072012,0.16064,3.4222,0.058571,0.23862,3.4121
62,-0.017648,0.34743,3.5534,-0.017646,0.6145,3.4359,-0.01651,0.87637,3.3072,-0.035563,1.0103,3.2719,-0.1662,0.8214,3.4367,-0.34852,0.68608,3.3869,-0.25101,0.9085,3.1911,-0.22383,0.95466,3.1888,0.074563,0.73142,3.2655,0.1265,0.47646,3.3324,0.048337,0.26864,3.3782,0.022906,0.2307,3.4033,-0.070641,0.35338,3.5657,-0.08146,0.0098457,3.7803,0.0088924,-0.33215,4.0234,-0.056677,-0.40685,3.9351,0.035644,0.33606,3.4772,0.078306,0.017804,3.5398,0.14817,-0.3928,3.8525,0.081472,-0.46691,3.7642,-0.016777,0.81187,3.3412,-0.20674,1.018,3.1915,-0.17292,0.92667,3.1474,-0.0050133,0.15904,3.4172,0.0050531,0.25566,3.3967
63,-0.018122,0.34747,3.554,-0.017997,0.61458,3.4367,-0.01694,0.87632,3.3088,-0.035773,1.0104,3.2719,-0.16684,0.82271,3.4377,-0.34775,0.68441,3.3921,-0.2525,0.90586,3.1928,-0.22415,0.95468,3.1889,0.07418,0.73143,3.2658,0.12652,0.47731,3.332,0.047811,0.26984,3.3784,0.022672,0.23205,3.4076,-0.071104,0.35315,3.5667,-0.08144,0.0092092,3.7815,0.0086884,-0.33217,4.0236,-0.057073,-0.40677,3.9353,0.035143,0.33621,3.4775,0.078302,0.017728,3.5398,0.14783,-0.39315,3.8528,0.08094,-0.46715,3.7646,-0.017199,0.81186,3.3426,-0.21427,1.0147,3.1768,-0.16642,0.94449,3.1604,-0.0089594,0.15927,3.4204,0.00063254,0.20921,3.3851
64,-0.018208,0.34756,3.5541,-0.018023,0.61456,3.4367,-0.01705,0.87596,3.3087,-0.036576,1.0099,3.2714,-0.16695,0.82298,3.4379,-0.34765,0.68444,3.3921,-0.25249,0.90586,3.1927,-0.2259,0.95592,3.191,0.074772,0.73126,3.2651,0.12653,0.47755,3.332,0.050489,0.27002,3.3816,0.024939,0.23042,3.4075,-0.071131,0.35327,3.5666,-0.081212,0.0075573,3.7834,0.0073955,-0.3352,4.024,-0.058441,-0.40977,3.9359,0.034853,0.33629,3.478,0.07848,0.017574,3.5398,0.14783,-0.39342,3.8527,0.080853,-0.46741,3.7646,-0.017284,0.81163,3.3426,-0.20606,1.0168,3.183,-0.18292,0.91863,3.1479,-0.013411,0.1621,3.4126,-0.003356,0.20602,3.3771
65,-0.019468,0.34789,3.5553,-0.018283,0.61472,3.437,-0.017051,0.87599,3.3087,-0.037137,1.0104,3.2722,-0.1675,0.82265,3.4384,-0.34836,0.6849,3.3903,-0.25211,0.90684,3.192,-0.22523,0.9541,3.1931,0.074905,0.73151,3.2652,0.1265,0.47757,3.3321,0.049384,0.2705,3.3819,0.023715,0.22948,3.4071,-0.072498,0.35343,3.5679,-0.081323,0.0064872,3.785,0.0074659,-0.33513,4.0241,-0.0583,-0.40972,3.9359,0.03381,0.33663,3.479,0.078123,0.017764,3.5402,0.14743,-0.3938,3.8516,0.080535,-0.46781,3.7635,-0.017308,0.81167,3.3426,-0.21335,1.013,3.1766,-0.18744,0.91603,3.1569,-0.011263,0.16073,3.4143,0.010134,0.22934,3.3729
66,-0.018697,0.34758,3.5546,-0.018264,0.61468,3.437,-0.01757,0.87581,3.3094,-0.038512,1.0101,3.2725,-0.16795,0.82288,3.4392,-0.34802,0.68418,3.3907,-0.25117,0.90566,3.1922,-0.22798,0.95167,3.193,0.074043,0.73129,3.2657,0.12631,0.47734,3.3324,0.047789,0.27062,3.3817,0.022605,0.2287,3.4062,-0.071855,0.35292,3.5677,-0.081001,0.0076514,3.7831,0.0072513,-0.33575,4.0242,-0.027983,-0.41186,4.0414,0.034933,0.33648,3.4772,0.077904,0.017348,3.5403,0.14738,-0.39374,3.8516,0.080325,-0.46769,3.7636,-0.017602,0.81153,3.343,-0.21657,1.0151,3.1933,-0.17931,0.92245,3.1519,-0.015713,0.15931,3.4157,0.016404,0.24158,3.3682
67,-0.017754,0.34712,3.5535,-0.018222,0.61463,3.437,-0.018227,0.87576,3.311,-0.039214,1.01,3.2726,-0.16846,0.82261,3.4408,-0.34802,0.68338,3.3917,-0.25473,0.90712,3.2214,-0.22721,0.9518,3.1976,0.073099,0.73124,3.2664,0.12638,0.47789,3.3326,0.046656,0.27175,3.3822,0.022357,0.22904,3.4087,-0.070839,0.35229,3.5668,-0.080995,0.0077515,3.7829,0.0074708,-0.33579,4.0248,-0.058691,-0.4102,3.9368,0.035773,0.3361,3.4761,0.077753,0.017303,3.5404,0.14664,-0.3937,3.8552,0.079353,-0.46753,3.7673,-0.017983,0.81145,3.344,-0.21043,1.0081,3.1883,-0.17259,0.91652,3.1466,-0.022191,0.15974,3.4154,0.017204,0.26582,3.3776
68,-0.019345,0.34609,3.555,-0.019739,0.61409,3.4388,-0.0198,0.87572,3.313,-0.039762,1.0094,3.2721,-0.16882,0.82167,3.441,-0.34036,0.66941,3.4087,-0.26993,0.86944,3.1985,-0.23343,0.92876,3.1951,0.07223,0.73147,3.2667,0.12649,0.48121,3.3313,0.049309,0.27442,3.3821,0.021933,0.22382,3.4066,-0.072313,0.35045,3.5678,-0.081038,0.0079077,3.7827,0.0069579,-0.33643,4.024,-0.059191,-0.4108,3.936,0.033794,0.33572,3.4784,0.077452,0.017485,3.5395,0.14701,-0.39353,3.8542,0.079726,-0.46733,3.7662,-0.01966,0.81129,3.3461,-0.22315,0.99912,3.1897,-0.17587,0.9143,3.1659,-0.013461,0.15303,3.4187,0.0011695,0.21419,3.3739
69,-0.022878,0.34612,3.5564,-0.021006,0.61393,3.4392,-0.020024,0.87557,3.3129,-0.040745,1.009,3.2715,-0.16969,0.82041,3.442,-0.33892,0.66502,3.4147,-0.24635,0.8965,3.2263,-0.23375,0.92754,3.199,0.072914,0.7309,3.2659,0.12664,0.48109,3.3315,0.048566,0.27425,3.3809,0.021783,0.22228,3.4081,-0.075459,0.35141,3.5679,-0.081532,0.0086089,3.7816,0.006986,-0.33657,4.0241,-0.0090109,-0.42539,4.0268,0.029417,0.33447,3.4816,0.077396,0.01749,3.5394,0.14825,-0.39248,3.8552,0.080917,-0.46623,3.7672,-0.020063,0.81112,3.3461,-0.22227,0.98978,3.1855,-0.19474,0.89201,3.1634,-0.015328,0.1538,3.4148,0.019604,0.24355,3.3687
70,-0.024749,0.34569,3.5577,-0.022283,0.6135,3.4401,-0.020586,0.8752,3.3133,-0.043621,1.0065,3.2706,-0.1701,0.81698,3.4431,-0.33828,0.66044,3.4159,-0.25884,0.85812,3.2188,-0.23326,0.91937,3.2023,0.073837,0.73102,3.2653,0.12665,0.48143,3.3317,0.047926,0.27474,3.3808,0.021567,0.22205,3.4067,-0.077294,0.35081,3.5686,-0.081409,0.0085864,3.7815,0.0071991,-0.33481,4.0231,-0.058872,-0.40916,3.935,0.027768,0.33429,3.4834,0.077217,0.017317,3.5393,0.14899,-0.3924,3.8551,0.081773,-0.46618,3.767,-0.020833,0.81072,3.3467,-0.22594,0.97409,3.1877,-0.18223,0.88834,3.1644,-0.012519,0.153,3.418,0.013528,0.23559,3.3693
71,-0.025106,0.345,3.5583,-0.022874,0.61262,3.4411,-0.021246,0.87417,3.3145,-0.044493,1.0061,3.2703,-0.17001,0.81302,3.4436,-0.33199,0.6495,3.4238,-0.25736,0.85458,3.2191,-0.23258,0.90867,3.2096,0.074684,0.73087,3.2648,0.12688,0.48174,3.3317,0.047454,0.27221,3.3811,0.018088,0.21358,3.4149,-0.077699,0.3499,3.5689,-0.081826,0.007391,3.7832,0.007095,-0.33494,4.0228,-0.058809,-0.40933,3.9346,0.02752,0.33379,3.4843,0.077195,0.017286,3.5391,0.14899,-0.39241,3.8551,0.081939,-0.46622,3.7669,-0.021525,0.80972,3.3479,-0.22986,0.96835,3.1992,-0.19072,0.87759,3.1824,-0.014395,0.1414,3.4245,0.015536,0.24568,3.3691
72,-0.02523,0.34465,3.5586,-0.023103,0.61217,3.4414,-0.021511,0.87361,3.3147,-0.04925,1.003,3.269,-0.16939,0.80817,3.4441,-0.33135,0.64459,3.4283,-0.2553,0.83119,3.2237,-0.23807,0.89188,3.2086,0.075327,0.73136,3.2653,0.12726,0.48216,3.3317,0.047652,0.2719,3.3816,0.017499,0.2133,3.412,-0.077935,0.34934,3.569,-0.081606,0.0081727,3.782,0.0067533,-0.3348,4.0227,-0.058779,-0.40931,3.9342,0.027518,0.33359,3.4847,0.077165,0.017277,3.539,0.14863,-0.39276,3.8543,0.081953,-0.46669,3.7659,-0.021798,0.80918,3.3481,-0.22972,0.94687,3.1795,-0.18955,0.86805,3.1805,-0.014386,0.14341,3.4227,0.014005,0.23652,3.3704
73,-0.02442,0.34352,3.5579,-0.023115,0.61192,3.4415,-0.022234,0.87352,3.3159,-0.051379,1.0009,3.267,-0.16824,0.79453,3.4494,-0.32442,0.62553,3.4426,-0.25553,0.83103,3.2263,-0.23391,0.88382,3.2108,0.076213,0.73127,3.2648,0.12748,0.48247,3.3317,0.052712,0.27392,3.3838,0.021259,0.2158,3.4125,-0.076942,0.34778,3.5678,-0.081478,0.0080354,3.7816,0.0071138,-0.33439,4.0223,-0.058702,-0.40878,3.934,0.028251,0.33281,3.4843,0.07703,0.017194,3.5392,0.14833,-0.39313,3.8546,0.081375,-0.46695,3.7663,-0.022274,0.80902,3.349,-0.22593,0.93677,3.175,-0.18454,0.86038,3.1937,-0.014392,0.14497,3.4215,0.012004,0.23446,3.3708
74,-0.02437,0.34293,3.5583,-0.022726,0.6111,3.4411,-0.020792,0.87191,3.3134,-0.055448,0.99602,3.265,-0.16782,0.79436,3.4491,-0.32258,0.6242,3.4451,-0.25768,0.80319,3.2503,-0.23505,0.86249,3.2174,0.076622,0.73134,3.2652,0.12761,0.48261,3.3317,0.052548,0.27375,3.3839,0.020731,0.21344,3.4134,-0.076993,0.34716,3.5684,-0.081362,0.0086721,3.7808,0.0073331,-0.33289,4.0225,-0.058287,-0.40742,3.9341,0.028415,0.33229,3.4845,0.076822,0.017501,3.5393,0.1484,-0.39304,3.8546,0.081642,-0.46698,3.7662,-0.021245,0.8077,3.3473,-0.22271,0.9235,3.1816,-0.18601,0.84432,3.1986,-0.010646,0.14286,3.4219,0.0082216,0.22559,3.3683
75,-0.024347,0.34283,3.5582,-0.023106,0.61081,3.4416,-0.022647,0.87132,3.3161,-0.059932,0.99138,3.2627,-0.16807,0.79409,3.4493,-0.30628,0.61303,3.4694,-0.25625,0.76641,3.3007,-0.23608,0.8503,3.2235,0.077221,0.73174,3.2656,0.128,0.48311,3.3315,0.052015,0.27444,3.3849,0.020634,0.21471,3.4142,-0.076986,0.34703,3.5682,-0.081175,0.0085194,3.7806,0.0074998,-0.33274,4.0226,-0.057929,-0.40729,3.934,0.028461,0.33223,3.4845,0.076798,0.017445,3.5393,0.14799,-0.39255,3.8535,0.081423,-0.46651,3.7649,-0.022631,0.80718,3.3492,-0.23589,0.89535,3.1683,-0.18754,0.82825,3.2107,-0.014384,0.14267,3.4174,-0.0042694,0.20068,3.3851
76,-0.024718,0.34342,3.5586,-0.023359,0.61082,3.4421,-0.02275,0.8709,3.3168,-0.06305,0.98819,3.2611,-0.1477,0.85896,3.4616,-0.28557,0.62221,3.4714,-0.2548,0.76988,3.2928,-0.23653,0.82917,3.2239,0.077677,0.73208,3.2662,0.12819,0.4833,3.3317,0.051608,0.27297,3.3847,0.020628,0.21487,3.4162,-0.076372,0.34862,3.5699,-0.081224,0.0089628,3.7801,0.0066342,-0.33774,4.0241,-0.012194,-0.42738,4.023,0.026994,0.33263,3.4841,0.076623,0.017529,3.5395,0.14786,-0.39267,3.8536,0.072188,-0.46371,3.7728,-0.022795,0.80688,3.3499,-0.23762,0.87578,3.1673,-0.20431,0.84275,3.2261,-0.012959,0.14651,3.4301,-0.0066897,0.20224,3.3888
77,-0.025293,0.33935,3.5607,-0.023674,0.60797,3.4442,-0.022688,0.86946,3.3182,-0.066028,0.98564,3.2602,-0.16762,0.78477,3.4657,-0.28321,0.59087,3.498,-0.25427,0.75123,3.3058,-0.23722,0.80623,3.2248,0.077861,0.73214,3.2664,0.12822,0.48341,3.3318,0.051622,0.27201,3.3846,0.022431,0.21522,3.4157,-0.077539,0.3431,3.573,-0.081506,0.0084013,3.7803,0.0059055,-0.34302,4.0258,-0.011689,-0.43263,4.0254,0.026971,0.32967,3.4854,0.076494,0.017267,3.5399,0.14771,-0.39315,3.8534,0.078869,-0.46641,3.7665,-0.022834,0.80512,3.3515,-0.24377,0.83956,3.1679,-0.19232,0.80978,3.2323,-0.01441,0.14688,3.423,0.0021914,0.21266,3.3828
78,-0.025296,0.33942,3.5607,-0.023651,0.60776,3.4442,-0.022467,0.86838,3.3185,-0.070892,0.97612,3.2577,-0.15327,0.83231,3.444,-0.24955,0.59805,3.5079,-0.24497,0.74615,3.2932,-0.23772,0.78091,3.2273,0.078639,0.73173,3.2664,0.12847,0.48196,3.3325,0.052272,0.27149,3.3848,0.022588,0.21405,3.4149,-0.077314,0.34355,3.5738,-0.081065,0.0082254,3.7803,0.0064434,-0.34137,4.025,-0.062532,-0.41478,3.9391,0.026723,0.32964,3.4836,0.076668,0.017181,3.5399,0.14781,-0.39202,3.8524,0.077691,-0.4649,3.7666,-0.022694,0.8043,3.3517,-0.25152,0.8088,3.1699,-0.18747,0.79487,3.2422,-0.011816,0.14401,3.4189,-0.0083926,0.19126,3.3831
79,-0.033373,0.33793,3.5666,-0.026565,0.60555,3.4472,-0.022598,0.86627,3.3196,-0.071787,0.9739,3.2555,-0.15587,0.82141,3.4499,-0.24322,0.59625,3.5141,-0.23909,0.6951,3.2756,-0.24212,0.74832,3.2316,0.078809,0.73171,3.2665,0.12886,0.48207,3.3328,0.057159,0.27346,3.3839,0.031779,0.23876,3.4051,-0.083718,0.3432,3.5784,-0.081189,0.0083764,3.7799,0.0059036,-0.34302,4.0254,-0.030207,-0.42662,4.0263,0.017209,0.32658,3.4911,0.077133,0.016677,3.5396,0.14749,-0.3918,3.8518,0.077446,-0.46463,3.7658,-0.023362,0.8022,3.3532,-0.25775,0.77118,3.1735,-0.22886,0.78009,3.2235,-0.0024415,0.17157,3.4083,0.015353,0.24317,3.371
80,-0.035061,0.33583,3.5702,-0.027558,0.60376,3.4491,-0.022592,0.8651,3.32,-0.072203,0.97325,3.2544,-0.16205,0.7906,3.4628,-0.22251,0.57866,3.5172,-0.23692,0.69385,3.261,-0.24375,0.71224,3.2336,0.078846,0.7317,3.2666,0.12954,0.48206,3.3335,0.057018,0.27351,3.3838,0.033256,0.24066,3.408,-0.085654,0.34148,3.5825,-0.081083,0.0084859,3.7796,0.006417,-0.34089,4.025,-0.061866,-0.4145,3.9385,0.015894,0.3242,3.4942,0.077255,0.016667,3.5396,0.14746,-0.39132,3.8516,0.078037,-0.4644,3.7652,-0.023578,0.80088,3.3539,-0.26139,0.73328,3.1798,-0.22548,0.75407,3.2367,-0.0018957,0.17221,3.4155,0.015186,0.24036,3.3731
81,-0.035125,0.33327,3.5697,-0.027737,0.60177,3.4495,-0.022408,0.86358,3.3207,-0.073282,0.97166,3.253,-0.16254,0.78556,3.4651,-0.20001,0.57096,3.5272,-0.23451,0.63795,3.3038,-0.24021,0.68081,3.2438,0.07922,0.73167,3.2666,0.1299,0.48154,3.3344,0.057568,0.27282,3.3843,0.034617,0.24051,3.4059,-0.086243,0.33798,3.5816,-0.080784,0.0084895,3.7796,0.0065591,-0.34053,4.0254,-0.061714,-0.41406,3.9389,0.016264,0.32238,3.4939,0.077481,0.015834,3.5417,0.14762,-0.39138,3.8522,0.078203,-0.4644,3.7658,-0.023526,0.7992,3.3546,-0.26879,0.68848,3.1908,-0.23714,0.71405,3.2195,0.00010264,0.1718,3.413,0.0090741,0.22833,3.3792
82,-0.036246,0.33299,3.5708,-0.029214,0.60052,3.4506,-0.023721,0.8613,3.3214,-0.073493,0.96948,3.2524,-0.16248,0.78459,3.4682,-0.19487,0.56445,3.5162,-0.23737,0.63165,3.2943,-0.24631,0.63826,3.2764,0.079307,0.73151,3.2666,0.13001,0.4815,3.3346,0.057664,0.27275,3.3844,0.036333,0.24323,3.4091,-0.086643,0.33789,3.5816,-0.080787,0.0083856,3.7797,0.0065232,-0.33979,4.0252,-0.062232,-0.41322,3.9391,0.0141,0.32182,3.4972,0.077622,0.015303,3.5423,0.14751,-0.39195,3.8516,0.077618,-0.46484,3.7656,-0.024946,0.79716,3.3555,-0.26853,0.65284,3.2213,-0.22508,0.67202,3.2774,0.0043519,0.16844,3.4181,0.007813,0.22264,3.3811
83,-0.036169,0.33273,3.5708,-0.029325,0.59991,3.4502,-0.023976,0.86015,3.32,-0.074544,0.96768,3.251,-0.1605,0.79136,3.4748,-0.19225,0.56596,3.5014,-0.24973,0.59494,3.2586,-0.26714,0.59904,3.2413,0.079283,0.73143,3.2666,0.13024,0.48158,3.3347,0.038719,0.22906,3.3957,0.014106,0.18406,3.425,-0.086516,0.3377,3.5816,-0.080481,0.0080825,3.7796,0.0074215,-0.33563,4.0235,-0.015364,-0.35513,4.0859,0.014179,0.32149,3.4971,0.077532,0.015089,3.5426,0.14744,-0.39153,3.8514,0.075718,-0.4639,3.767,-0.025184,0.79616,3.3544,-0.26802,0.58139,3.2135,-0.26593,0.60721,3.2287,-0.010753,0.12431,3.4535,-0.010992,0.17915,3.397
84,-0.036837,0.33255,3.5706,-0.02994,0.59929,3.4494,-0.02417,0.85882,3.3178,-0.075545,0.96651,3.2493,-0.1568,0.79238,3.472,-0.16966,0.56247,3.4812,-0.25936,0.54741,3.2635,-0.26546,0.54377,3.2527,0.079146,0.73167,3.2662,0.13052,0.48183,3.3344,0.039824,0.23033,3.3949,0.013726,0.18893,3.4241,-0.086985,0.33768,3.5811,-0.080419,0.0081862,3.779,0.0074258,-0.33657,4.024,-0.063365,-0.40949,3.9398,0.013215,0.32113,3.4973,0.078024,0.014883,3.5422,0.1472,-0.39173,3.851,0.075281,-0.46409,3.7669,-0.02555,0.79502,3.3527,-0.26921,0.53547,3.2265,-0.2654,0.54997,3.2342,-0.014531,0.12525,3.4534,-0.010068,0.18948,3.3913
