,0,1,2,3,4,5,6,7,8,9,10,11,12,13,14,15,16,17,18,19,20,21,22,23,24,25,26,27,28,29,30,31,32,33,34,35,36,37,38,39,40,41,42,43,44,45,46,47,48,49,50,51,52,53,54,55,56,57,58,59,60,61,62,63,64,65,66,67,68,69,70,71,72,73,74
15,-0.24472,-0.078474,3.0606,-0.23801,0.16185,3.0235,-0.23248,0.39731,2.9764,-0.21975,0.50051,2.9564,-0.36615,0.27844,2.9305,-0.40645,0.071266,2.9581,-0.42663,-0.14045,2.9688,-0.42478,-0.20369,2.9903,-0.08752,0.29059,3.0258,-0.044587,0.08775,3.0436,-0.11659,0.061927,2.8353,-0.14181,0.06834,2.7914,-0.29311,-0.077772,3.0136,-0.44983,-0.27437,3.0137,-0.41715,-0.54339,3.106,-0.39934,-0.43288,3.0409,-0.19192,-0.077468,3.0465,-0.15058,-0.32004,3.0822,-0.36762,-0.25873,2.8904,-0.33415,-0.31545,2.7893,-0.23382,0.33921,2.9901,-0.42827,-0.26761,2.985,-0.46153,-0.20065,2.9647,-0.14472,0.094117,2.7513,-0.13732,0.025609,2.7794
16,-0.24758,-0.078643,3.0609,-0.24086,0.16158,3.0235,-0.23451,0.39699,2.9761,-0.22065,0.49902,2.9547,-0.36679,0.2782,2.9303,-0.40884,0.071897,2.9603,-0.43064,-0.13935,2.9738,-0.42625,-0.20189,2.9929,-0.088788,0.29079,3.0234,-0.044677,0.089886,3.0375,-0.12501,0.05721,2.8335,-0.14269,0.077541,2.7898,-0.29591,-0.077742,3.0139,-0.45319,-0.27273,3.0197,-0.59749,-0.46462,3.1692,-0.51199,-0.39719,3.0932,-0.19457,-0.077855,3.0468,-0.24889,-0.32734,3.012,-0.48991,-0.34598,2.8425,-0.45573,-0.40184,2.7415,-0.23612,0.33888,2.9899,-0.43029,-0.26696,2.9964,-0.46257,-0.21242,2.9736,-0.14825,0.092272,2.7527,-0.1317,0.042012,2.7757
17,-0.24978,-0.078279,3.0603,-0.2427,0.16113,3.0228,-0.23596,0.39569,2.9751,-0.22162,0.49763,2.9537,-0.36842,0.27801,2.9301,-0.41027,0.07183,2.9608,-0.43161,-0.13941,2.9748,-0.42727,-0.19825,2.9941,-0.090219,0.29282,3.0214,-0.043493,0.094623,3.0183,-0.12217,0.10984,2.8116,-0.15074,0.12139,2.7693,-0.29804,-0.0776,3.0138,-0.45508,-0.2719,3.0235,-0.43537,-0.52596,3.1507,-0.41197,-0.42391,3.0687,-0.1968,-0.077273,3.0457,-0.3377,-0.28606,2.9733,-0.27492,-0.049388,2.8063,-0.24334,-0.10836,2.7046,-0.23768,0.3378,2.9889,-0.43272,-0.26886,2.9971,-0.46287,-0.19217,2.9706,-0.17502,0.16527,2.7449,-0.15672,0.076536,2.7507
18,-0.25147,-0.078091,3.0596,-0.24349,0.16105,3.0225,-0.23612,0.39554,2.975,-0.22185,0.4974,2.9536,-0.37003,0.27758,2.9303,-0.41148,0.07138,2.9612,-0.43312,-0.13964,2.9768,-0.42725,-0.1995,2.9936,-0.091571,0.29393,3.019,-0.044576,0.094203,3.0177,-0.12261,0.10953,2.8107,-0.14859,0.1339,2.7632,-0.29942,-0.077531,3.0135,-0.45907,-0.26942,3.024,-0.38842,-0.5171,3.1469,-0.38548,-0.41421,3.063,-0.19873,-0.076969,3.0445,-0.19118,-0.32761,3.0601,-0.321,-0.15422,2.8573,-0.28973,-0.21216,2.7555,-0.23796,0.33765,2.9889,-0.43998,-0.26767,2.9945,-0.46317,-0.19066,2.9708,-0.1607,0.15024,2.7372,-0.16752,0.090528,2.749
19,-0.25159,-0.077042,3.0587,-0.24426,0.16125,3.0223,-0.23818,0.39485,2.9754,-0.22293,0.49609,2.9534,-0.37144,0.27711,2.9308,-0.41232,0.070908,2.9622,-0.43315,-0.14026,2.9772,-0.42628,-0.20163,2.9931,-0.092214,0.29422,3.0177,-0.046678,0.092386,3.01,-0.11903,0.15302,2.8097,-0.14776,0.14993,2.7581,-0.29975,-0.076826,3.0127,-0.45865,-0.26913,3.0242,-0.38618,-0.51241,3.154,-0.3795,-0.4158,3.0603,-0.19853,-0.075525,3.0434,-0.14705,-0.31695,3.0769,-0.36049,-0.24198,2.8856,-0.32939,-0.29904,2.7837,-0.23963,0.33726,2.9891,-0.43254,-0.26988,2.9981,-0.46159,-0.20013,2.9711,-0.15444,0.14477,2.7235,-0.12922,0.11959,2.7165
20,-0.25281,-0.078082,3.0577,-0.24538,0.16025,3.0218,-0.23883,0.39395,2.9754,-0.22414,0.49487,2.9528,-0.37416,0.27614,2.9318,-0.41371,0.069675,2.9633,-0.43342,-0.14171,2.9774,-0.42511,-0.2034,2.9884,-0.092267,0.29485,3.0172,-0.046468,0.098221,2.9924,-0.12504,0.15698,2.7939,-0.15537,0.19522,2.7486,-0.30142,-0.077914,3.0124,-0.46044,-0.27035,3.0228,-0.37709,-0.52081,3.1331,-0.36974,-0.41816,3.0488,-0.1994,-0.076706,3.0415,-0.15286,-0.32015,3.0711,-0.36784,-0.24599,2.8812,-0.33732,-0.30303,2.7791,-0.24043,0.3363,2.9889,-0.42307,-0.26925,2.9975,-0.45921,-0.198,2.9627,-0.18246,0.24512,2.7355,-0.12494,0.17417,2.7044
21,-0.25453,-0.079374,3.0567,-0.24652,0.15941,3.0215,-0.23929,0.39345,2.9756,-0.22492,0.4943,2.9528,-0.37643,0.27648,2.933,-0.41433,0.069551,2.9638,-0.43277,-0.14207,2.977,-0.42408,-0.20388,2.9818,-0.091711,0.29539,3.0167,-0.044389,0.093366,2.9852,-0.12051,0.19008,2.8018,-0.15832,0.22466,2.744,-0.30322,-0.079113,3.012,-0.46226,-0.27215,3.0196,-0.50996,-0.5547,3.0522,-0.45159,-0.45246,3.005,-0.20102,-0.078125,3.0398,-0.28632,-0.3185,3.0071,-0.50336,-0.24777,2.8185,-0.47208,-0.30478,2.7164,-0.24106,0.33572,2.989,-0.41986,-0.26825,2.985,-0.45691,-0.21544,2.9566,-0.18453,0.27683,2.7323,-0.1739,0.18114,2.725
22,-0.25582,-0.081867,3.0556,-0.24823,0.15851,3.021,-0.2414,0.39366,2.9754,-0.22596,0.49396,2.9522,-0.37846,0.27662,2.9343,-0.41497,0.069271,2.9644,-0.43137,-0.14291,2.9738,-0.42317,-0.18801,2.977,-0.091285,0.28854,3.0048,-0.038658,0.10251,2.9743,-0.11454,0.17919,2.7812,-0.15783,0.24009,2.7415,-0.30535,-0.08142,3.0127,-0.46549,-0.27449,3.0156,-0.37397,-0.54734,3.046,-0.36172,-0.4315,2.9997,-0.20159,-0.08164,3.0363,-0.20028,-0.33601,3.0279,-0.43366,-0.28844,2.8524,-0.40725,-0.34527,2.749,-0.24308,0.33563,2.9888,-0.41962,-0.25067,2.9698,-0.46096,-0.20153,2.963,-0.17235,0.28166,2.7272,-0.18291,0.21721,2.7369
23,-0.25525,-0.083688,3.0548,-0.24909,0.15792,3.0202,-0.24448,0.39412,2.9743,-0.22838,0.49406,2.9508,-0.38206,0.27634,2.9361,-0.41568,0.068175,2.9649,-0.43008,-0.1444,2.9716,-0.41963,-0.18852,2.9702,-0.089697,0.28772,3.0079,-0.037723,0.10723,2.9649,-0.12185,0.23374,2.8058,-0.16383,0.27699,2.7413,-0.30561,-0.082774,3.013,-0.43603,-0.29965,3.0003,-0.59372,-0.53382,3.0526,-0.51948,-0.44195,3.0049,-0.19939,-0.084139,3.0337,-0.32496,-0.30527,2.9843,-0.2465,-0.061567,2.8351,-0.222,-0.12072,2.7313,-0.24548,0.33571,2.9878,-0.41907,-0.24913,2.9594,-0.45405,-0.18963,2.951,-0.18735,0.32731,2.7355,-0.17848,0.23453,2.7074
24,-0.25648,-0.085759,3.0536,-0.25122,0.15693,3.0177,-0.24713,0.3947,2.9703,-0.22993,0.49556,2.9483,-0.38356,0.27635,2.937,-0.41621,0.067841,2.9649,-0.42946,-0.1452,2.9658,-0.42431,-0.21002,2.9593,-0.089648,0.28402,3.0037,-0.034357,0.11114,2.9477,-0.12373,0.23751,2.7916,-0.16133,0.28263,2.7393,-0.30722,-0.084138,3.013,-0.45501,-0.29007,2.9916,-0.46309,-0.56829,3.0623,-0.42565,-0.45773,3.0121,-0.20025,-0.086887,3.0312,-0.33385,-0.30264,2.9754,-0.24417,-0.064197,2.8238,-0.22132,-0.12345,2.7196,-0.24808,0.33587,2.9841,-0.43383,-0.27208,2.9521,-0.4554,-0.20323,2.9326,-0.18708,0.33615,2.7316,-0.17957,0.25103,2.7145
25,-0.25643,-0.088349,3.0525,-0.25269,0.15617,3.0152,-0.25084,0.39645,2.9648,-0.23254,0.49833,2.9445,-0.38491,0.27666,2.9386,-0.41644,0.067675,2.9651,-0.4266,-0.14577,2.9605,-0.42189,-0.20985,2.9536,-0.08915,0.28207,3.0014,-0.032346,0.11136,2.9426,-0.090982,0.20552,2.8211,-0.11233,0.23104,2.7991,-0.30765,-0.085826,3.0133,-0.46093,-0.28786,2.9875,-0.38932,-0.55933,3.0519,-0.37911,-0.44435,2.9998,-0.19952,-0.090329,3.0285,-0.28819,-0.32933,2.9952,-0.49913,-0.26316,2.7976,-0.47494,-0.32045,2.6938,-0.2512,0.33685,2.9795,-0.42447,-0.27127,2.9431,-0.46005,-0.19856,2.9638,-0.14291,0.27214,2.725,-0.09365,0.19497,2.8023
26,-0.2569,-0.090017,3.0517,-0.25471,0.15562,3.0123,-0.25446,0.39784,2.9592,-0.23383,0.50125,2.9419,-0.38608,0.27716,2.9402,-0.41663,0.067738,2.9653,-0.42497,-0.14587,2.9559,-0.42162,-0.21204,2.9514,-0.088649,0.28041,2.9986,-0.032263,0.12289,2.9031,-0.13809,0.25756,2.7666,-0.17657,0.3309,2.7356,-0.30855,-0.087241,3.0137,-0.45907,-0.2914,2.9867,-0.46825,-0.58044,2.9514,-0.43787,-0.46563,2.9263,-0.19967,-0.092211,3.0267,-0.33998,-0.3016,2.9566,-0.35565,-0.10067,2.7377,-0.33432,-0.15979,2.6333,-0.25451,0.33774,2.9745,-0.42625,-0.27134,2.9406,-0.45526,-0.21958,2.9232,-0.1986,0.37599,2.7369,-0.19833,0.29543,2.7229
27,-0.25699,-0.091216,3.0509,-0.25274,0.15374,3.0097,-0.24667,0.3942,2.9545,-0.23423,0.50106,2.94,-0.38732,0.27707,2.941,-0.41734,0.067377,2.9651,-0.4249,-0.14622,2.9506,-0.42275,-0.22929,2.9424,-0.088361,0.27736,2.9893,-0.031859,0.12349,2.901,-0.13544,0.26072,2.7654,-0.17005,0.33341,2.7346,-0.30895,-0.088079,3.0136,-0.46514,-0.288,2.9778,-0.44769,-0.57792,2.9698,-0.4133,-0.4642,2.9415,-0.19937,-0.093541,3.0252,-0.34298,-0.30129,2.959,-0.52191,-0.19458,2.7475,-0.50203,-0.25296,2.643,-0.24867,0.33473,2.9704,-0.42511,-0.29527,2.9446,-0.45413,-0.22272,2.9266,-0.18891,0.38386,2.7359,-0.19357,0.30138,2.7144
28,-0.25955,-0.091699,3.0662,-0.25191,0.15288,3.0114,-0.24305,0.39176,2.9524,-0.23426,0.50043,2.9401,-0.38818,0.27667,2.9419,-0.41763,0.066689,2.9649,-0.42482,-0.14684,2.9476,-0.4233,-0.22917,2.9359,-0.088019,0.27444,2.9819,-0.034026,0.1326,2.8859,-0.11614,0.29867,2.7716,-0.16959,0.34255,2.7344,-0.31243,-0.088038,3.0356,-0.45871,-0.29198,2.9633,-0.40944,-0.57432,3.0005,-0.38292,-0.45891,2.9681,-0.20152,-0.093918,3.0367,-0.34241,-0.30002,2.9528,-0.37993,-0.076806,2.7604,-0.36429,-0.13711,2.6557,-0.24615,0.33301,2.9696,-0.42684,-0.29414,2.9378,-0.45341,-0.21449,2.9084,-0.19487,0.39475,2.7376,-0.19063,0.31332,2.7092
29,-0.26921,-0.093375,3.0837,-0.26223,0.15,3.022,-0.25402,0.38842,2.9547,-0.23714,0.49561,2.9424,-0.38826,0.2776,2.943,-0.41871,0.067474,2.9644,-0.42399,-0.14605,2.9452,-0.42326,-0.23054,2.9407,-0.089104,0.27466,2.9711,-0.032691,0.13848,2.8714,-0.13872,0.29343,2.7606,-0.18528,0.37544,2.737,-0.3206,-0.088694,3.0515,-0.45167,-0.29814,2.9577,-0.22052,-0.14135,3.0362,-0.29226,-0.21979,2.9791,-0.21229,-0.09637,3.0547,-0.35385,-0.2855,2.9257,-0.11375,-0.13005,2.9785,-0.10467,-0.19055,2.8736,-0.25598,0.32985,2.9733,-0.42463,-0.29493,2.9413,-0.46024,-0.22951,2.9269,-0.20708,0.41167,2.7511,-0.20402,0.35808,2.709
30,-0.26949,-0.094622,3.0846,-0.26423,0.14687,3.0256,-0.25857,0.38338,2.9598,-0.2397,0.48896,2.9456,-0.38804,0.27881,2.9445,-0.41942,0.068371,2.964,-0.42487,-0.14517,2.9423,-0.42915,-0.23288,2.9396,-0.089759,0.27158,2.9591,-0.03244,0.14232,2.8657,-0.14079,0.29749,2.7575,-0.18792,0.37812,2.7368,-0.32048,-0.090035,3.0529,-0.45398,-0.29757,2.9571,-0.2115,-0.15535,3.0296,-0.30164,-0.20942,2.9683,-0.21299,-0.097571,3.0554,-0.3595,-0.27771,2.9166,-0.11486,-0.13106,2.9727,-0.1937,-0.2069,2.9581,-0.25998,0.32511,2.9782,-0.43528,-0.29402,2.9439,-0.46308,-0.2375,2.9198,-0.20929,0.42106,2.7582,-0.21546,0.35051,2.7133
31,-0.27084,-0.094871,3.0843,-0.26485,0.14558,3.0258,-0.25827,0.37978,2.9602,-0.24047,0.48604,2.9469,-0.38831,0.28001,2.9461,-0.42038,0.069293,2.9643,-0.43135,-0.14424,2.9441,-0.4311,-0.20855,2.9439,-0.09116,0.27446,2.9561,-0.032109,0.14503,2.8623,-0.14241,0.30124,2.7576,-0.18759,0.37966,2.7366,-0.32263,-0.090091,3.0525,-0.45484,-0.29877,2.9568,-0.212,-0.16718,3.0441,-0.29703,-0.2281,2.9814,-0.21377,-0.097898,3.0551,-0.34817,-0.29656,2.9342,-0.11136,-0.13506,2.9837,-0.13721,-0.21399,2.9688,-0.26004,0.32217,2.9785,-0.44111,-0.2706,2.9328,-0.46157,-0.21474,2.9183,-0.21128,0.42379,2.7569,-0.21227,0.35084,2.7154
32,-0.27269,-0.094897,3.0843,-0.26537,0.14367,3.0257,-0.25654,0.37328,2.9584,-0.24105,0.48091,2.9468,-0.3883,0.27999,2.9462,-0.42071,0.069301,2.9642,-0.43154,-0.14418,2.943,-0.43354,-0.20759,2.9442,-0.090367,0.27484,2.9585,-0.033039,0.14923,2.8548,-0.12251,0.29759,2.7707,-0.1666,0.34951,2.754,-0.32445,-0.089468,3.0529,-0.52938,-0.2088,2.9279,-0.37881,-0.45085,2.9783,-0.3777,-0.33431,2.9505,-0.21591,-0.098602,3.0545,-0.34682,-0.30011,2.9343,-0.11075,-0.13679,2.9814,-0.13582,-0.21283,2.9654,-0.25913,0.31701,2.9773,-0.44449,-0.2702,2.9286,-0.45828,-0.1904,2.9139,-0.19556,0.39328,2.7083,-0.19583,0.32188,2.7899
33,-0.27687,-0.093371,3.0858,-0.26514,0.14375,3.0257,-0.24852,0.37395,2.9556,-0.23952,0.48266,2.944,-0.3882,0.28002,2.9466,-0.42104,0.069315,2.964,-0.43284,-0.14414,2.9433,-0.43569,-0.20939,2.9463,-0.090314,0.27499,2.9593,-0.031279,0.15357,2.8456,-0.12064,0.29447,2.774,-0.17091,0.35828,2.752,-0.32912,-0.086936,3.0554,-0.52845,-0.21321,2.9267,-0.39849,-0.46517,2.9829,-0.38313,-0.34905,2.9554,-0.21947,-0.097886,3.0554,-0.21511,-0.3382,2.9317,-0.00051434,-0.1469,2.9752,-0.089366,-0.20923,2.97,-0.25396,0.31736,2.9756,-0.4425,-0.26996,2.93,-0.46127,-0.19845,2.919,-0.20075,0.39977,2.7061,-0.19498,0.32911,2.7858
34,-0.27531,-0.094997,3.0844,-0.26533,0.14286,3.0256,-0.25264,0.37273,2.9573,-0.24111,0.47918,2.9425,-0.38816,0.27994,2.9473,-0.42135,0.069215,2.9642,-0.43376,-0.14427,2.945,-0.43772,-0.20795,2.9534,-0.090392,0.27511,2.9582,-0.03088,0.15664,2.8414,-0.11247,0.28484,2.7824,-0.15707,0.34522,2.7553,-0.3264,-0.089374,3.0535,-0.52821,-0.21814,2.9334,-0.39709,-0.47118,2.9826,-0.38441,-0.35505,2.9618,-0.21867,-0.098918,3.0542,-0.21072,-0.34541,2.9485,-0.0011156,-0.1493,2.9939,-0.091177,-0.21137,2.9847,-0.25607,0.31625,2.9764,-0.45385,-0.27102,2.9376,-0.46131,-0.18043,2.9186,-0.19326,0.38478,2.7043,-0.19268,0.32546,2.7919
35,-0.27847,-0.097661,3.0549,-0.26564,0.13912,3.0179,-0.2525,0.37023,2.9573,-0.24168,0.47696,2.9429,-0.38824,0.27977,2.9476,-0.42183,0.069139,2.9646,-0.43601,-0.14431,2.9476,-0.44623,-0.21099,2.9538,-0.092703,0.27515,2.9436,-0.020558,0.14828,2.8271,-0.10809,0.28413,2.7809,-0.15506,0.34685,2.7542,-0.32874,-0.090596,3.0247,-0.54064,-0.22664,2.9551,-0.44979,-0.49273,3.0187,-0.41654,-0.38017,2.9782,-0.22265,-0.10286,3.0239,-0.20267,-0.35885,2.9991,0.0069948,-0.16161,3.0397,-0.089236,-0.2176,3.0053,-0.25597,0.31365,2.9753,-0.45654,-0.27211,2.9456,-0.48079,-0.20913,2.9386,-0.19392,0.38645,2.7019,-0.1962,0.33386,2.7905
36,-0.27138,-0.098264,3.0462,-0.26214,0.1364,3.0099,-0.25205,0.36772,2.9559,-0.2419,0.47501,2.9423,-0.38909,0.27904,2.9484,-0.42187,0.068647,2.9677,-0.43662,-0.14478,2.9516,-0.44899,-0.212,2.9613,-0.092625,0.27312,2.9381,-0.014985,0.14941,2.8209,-0.10163,0.28581,2.7781,-0.1535,0.35125,2.7477,-0.32378,-0.092181,3.0171,-0.49413,-0.28147,2.9824,-0.27328,-0.43887,3.0792,-0.33872,-0.35581,3.008,-0.21311,-0.10219,3.014,-0.16036,-0.35184,3.0121,0.022928,-0.12662,3.0348,-0.069096,-0.18966,3.0001,-0.25498,0.31078,2.9724,-0.46312,-0.27223,2.9549,-0.48168,-0.20056,2.9439,-0.18698,0.39277,2.7046,-0.18407,0.33813,2.7878
37,-0.27278,-0.098164,3.0449,-0.26253,0.13509,3.0075,-0.25094,0.36392,2.9541,-0.24203,0.47237,2.9422,-0.38966,0.27732,2.9484,-0.42239,0.066886,2.9684,-0.44077,-0.14645,2.9576,-0.45223,-0.21126,2.9703,-0.091515,0.27115,2.931,-0.024772,0.16263,2.8139,-0.14297,0.33502,2.7599,-0.18928,0.39186,2.7433,-0.3258,-0.091586,3.0149,-0.49511,-0.28172,2.9852,-0.30085,-0.46932,3.084,-0.31859,-0.37436,2.9916,-0.21412,-0.10244,3.0133,-0.16244,-0.34998,3.0256,0.0077295,-0.1134,3.0373,-0.070125,-0.19054,3.0277,-0.25422,0.30757,2.9701,-0.46822,-0.2754,2.961,-0.47993,-0.19604,2.9566,-0.21679,0.42925,2.7201,-0.2113,0.35934,2.7757
38,-0.27244,-0.098186,3.0431,-0.25956,0.13578,3.0049,-0.24384,0.3657,2.9527,-0.24023,0.47456,2.9406,-0.38977,0.27696,2.9486,-0.42325,0.066711,2.9697,-0.44353,-0.14653,2.9639,-0.4546,-0.21228,2.9705,-0.091477,0.27101,2.9327,-0.027259,0.16811,2.809,-0.14667,0.34049,2.7577,-0.19053,0.39552,2.744,-0.32552,-0.091652,3.0131,-0.49322,-0.28298,2.9893,-0.24947,-0.3012,3.1386,-0.33131,-0.32867,3.0413,-0.21377,-0.10248,3.0117,-0.16467,-0.34933,3.0297,0.010481,-0.11611,3.0378,-0.066861,-0.19358,3.0289,-0.24822,0.30897,2.968,-0.47426,-0.27486,2.9651,-0.47673,-0.18864,2.9359,-0.21889,0.43245,2.7117,-0.21099,0.3735,2.7741
39,-0.26991,-0.098698,3.0393,-0.2584,0.13431,3.0029,-0.24397,0.36312,2.9525,-0.24088,0.47139,2.9394,-0.39009,0.27615,2.9489,-0.42395,0.066001,2.9708,-0.4446,-0.14729,2.9664,-0.45774,-0.21182,2.9741,-0.091479,0.27099,2.9325,-0.029237,0.17173,2.8051,-0.11449,0.29851,2.7552,-0.16383,0.36647,2.7421,-0.32322,-0.092574,3.0099,-0.49714,-0.2772,2.997,-0.21559,-0.20359,3.0192,-0.31254,-0.25363,2.9814,-0.21109,-0.1026,3.0074,-0.16627,-0.34934,3.0294,0.0088421,-0.11654,3.0425,-0.07727,-0.18739,3.0101,-0.24799,0.3068,2.9673,-0.47407,-0.27598,2.9708,-0.48576,-0.19621,2.9586,-0.19899,0.40233,2.6885,-0.19052,0.36115,2.7745
40,-0.26996,-0.098979,3.0384,-0.25871,0.1342,3.0025,-0.24533,0.36297,2.953,-0.24121,0.47033,2.9385,-0.39007,0.27607,2.9489,-0.42451,0.066176,2.9724,-0.44666,-0.14704,2.9692,-0.45497,-0.21053,2.98,-0.09164,0.27031,2.9313,-0.030278,0.17446,2.8007,-0.14102,0.33984,2.7423,-0.19076,0.40476,2.7351,-0.32307,-0.092719,3.0091,-0.49818,-0.27583,2.9989,-0.21152,-0.2205,2.9689,-0.31136,-0.26022,2.9601,-0.2114,-0.10308,3.0063,-0.15735,-0.34947,3.0219,0.027476,-0.12615,3.0485,-0.061877,-0.19302,3.0145,-0.24885,0.30664,2.9674,-0.46209,-0.27452,2.9791,-0.48979,-0.1988,2.9573,-0.22334,0.43681,2.712,-0.20257,0.37634,2.7755
41,-0.26904,-0.099629,3.0366,-0.25823,0.13353,3.002,-0.24517,0.3619,2.9537,-0.24134,0.46842,2.9378,-0.39025,0.27558,2.949,-0.42533,0.065883,2.9736,-0.44879,-0.1472,2.973,-0.43611,-0.1984,2.9849,-0.092018,0.26986,2.9306,-0.030826,0.17577,2.7971,-0.1413,0.34042,2.7423,-0.1906,0.40666,2.734,-0.3224,-0.093831,3.0073,-0.49933,-0.27398,3.0044,-0.21548,-0.21733,2.9522,-0.29505,-0.28335,2.9579,-0.21023,-0.10333,3.0046,-0.10213,-0.33082,3.0249,-0.0022114,-0.059214,3.0545,-0.075909,-0.14301,3.0182,-0.24862,0.30576,2.9678,-0.43872,-0.269,2.9891,-0.47052,-0.18372,2.9591,-0.22578,0.43859,2.7135,-0.20237,0.37562,2.7784
42,-0.2672,-0.10022,3.0341,-0.25509,0.13489,2.9993,-0.2408,0.36598,2.9519,-0.24022,0.47245,2.9355,-0.39043,0.27516,2.9494,-0.42565,0.065541,2.975,-0.44993,-0.14743,2.9773,-0.43672,-0.19408,2.9867,-0.092296,0.26966,2.9299,-0.030779,0.17735,2.7932,-0.14954,0.34853,2.7335,-0.19025,0.41138,2.7314,-0.32064,-0.094721,3.0047,-0.49889,-0.27221,3.0084,-0.22549,-0.19263,2.9322,-0.29575,-0.26731,2.9406,-0.20838,-0.10363,3.0024,-0.14763,-0.34931,3.014,-0.020657,-0.088122,3.0366,-0.10521,-0.15749,2.9848,-0.24467,0.30891,2.9657,-0.43783,-0.25974,2.9919,-0.4655,-0.18855,2.9659,-0.22554,0.44713,2.7119,-0.20401,0.39033,2.777
43,-0.26658,-0.10083,3.032,-0.25488,0.13435,2.9984,-0.24096,0.36542,2.9519,-0.24053,0.47146,2.9348,-0.3905,0.27461,2.9493,-0.42632,0.065128,2.9756,-0.45255,-0.14765,2.9785,-0.43744,-0.19471,2.9845,-0.09409,0.26526,2.9158,-0.029377,0.17934,2.7835,-0.14561,0.35106,2.7313,-0.18634,0.40694,2.7299,-0.32034,-0.095283,3.0036,-0.49513,-0.27499,3.0127,-0.22979,-0.18361,2.9213,-0.30519,-0.25276,2.9304,-0.20731,-0.10421,2.9989,-0.15838,-0.34921,3.0248,0.014107,-0.11373,3.0284,-0.064658,-0.19045,3.0174,-0.24473,0.30841,2.9655,-0.44228,-0.26026,2.9935,-0.47304,-0.18959,2.982,-0.22529,0.44868,2.7138,-0.19402,0.38204,2.7685
44,-0.26658,-0.10127,3.0297,-0.25508,0.13398,2.9974,-0.24141,0.36502,2.9518,-0.24066,0.47113,2.9349,-0.3904,0.27456,2.9493,-0.42661,0.065202,2.9763,-0.453,-0.14762,2.9797,-0.43978,-0.20079,2.9858,-0.094178,0.26578,2.9167,-0.035814,0.19325,2.773,-0.14154,0.34788,2.7284,-0.18794,0.41391,2.718,-0.3203,-0.09587,3.0017,-0.49794,-0.27093,3.0172,-0.2404,-0.17981,2.9042,-0.31432,-0.24519,2.9219,-0.2074,-0.10449,2.9963,-0.15906,-0.34875,3.0255,0.016754,-0.11569,3.0281,-0.05932,-0.19553,3.0149,-0.24506,0.30805,2.9653,-0.44089,-0.26729,2.9852,-0.47073,-0.21051,2.9613,-0.22746,0.44804,2.7085,-0.20447,0.43639,2.7188
45,-0.26653,-0.10205,3.0285,-0.25514,0.13379,2.9971,-0.24172,0.36496,2.9522,-0.24106,0.47122,2.9355,-0.39021,0.27424,2.949,-0.42668,0.064956,2.9767,-0.45346,-0.14782,2.9815,-0.43822,-0.1921,2.9858,-0.10209,0.26241,2.912,-0.034443,0.19176,2.7716,-0.15477,0.36368,2.7173,-0.18943,0.41605,2.7242,-0.32028,-0.096742,3.0007,-0.49762,-0.2716,3.0179,-0.23916,-0.14111,2.9661,-0.31339,-0.21952,2.9551,-0.20732,-0.10518,2.995,-0.20354,-0.35471,3.0202,-0.017245,-0.13012,3.0273,-0.091041,-0.21145,3.0148,-0.24523,0.30798,2.9654,-0.43487,-0.25877,2.9875,-0.4742,-0.18302,2.9638,-0.23155,0.45044,2.7086,-0.18951,0.39994,2.7621
46,-0.26672,-0.10269,3.0272,-0.25513,0.1337,2.9965,-0.24173,0.36505,2.9521,-0.2415,0.47151,2.9358,-0.39024,0.27408,2.949,-0.42695,0.064816,2.977,-0.45704,-0.14605,2.984,-0.44057,-0.19176,2.9856,-0.10557,0.26041,2.9102,-0.036054,0.19557,2.7677,-0.14191,0.34984,2.7266,-0.19055,0.41847,2.7249,-0.32041,-0.097313,2.9996,-0.49779,-0.27156,3.0186,-0.23849,-0.13826,2.9834,-0.31305,-0.21812,2.9627,-0.20758,-0.10588,2.9936,-0.0926,-0.33214,3.0046,0.090514,-0.1054,3.0133,-0.0069084,-0.16002,2.9697,-0.24523,0.30804,2.9654,-0.42854,-0.25295,2.9841,-0.46816,-0.19745,2.9651,-0.22749,0.45582,2.7071,-0.18944,0.39955,2.763
47,-0.26631,-0.1031,3.0249,-0.25425,0.13351,2.9942,-0.24092,0.36512,2.9511,-0.24131,0.47193,2.9352,-0.38983,0.27406,2.949,-0.42692,0.064789,2.9772,-0.4583,-0.13864,2.9841,-0.44221,-0.18092,2.9807,-0.10787,0.25967,2.9075,-0.037064,0.19777,2.7642,-0.15649,0.37214,2.7166,-0.19192,0.42478,2.7215,-0.3198,-0.097759,2.9978,-0.49737,-0.27135,3.0183,-0.22212,-0.17175,3.0057,-0.30756,-0.24007,2.9712,-0.20743,-0.10626,2.9907,-0.16773,-0.35902,2.9812,0.07201,-0.24447,3.0912,-0.031783,-0.27432,3.0308,-0.24438,0.30803,2.964,-0.43747,-0.24379,2.9802,-0.46707,-0.20925,2.953,-0.22816,0.45479,2.7016,-0.19283,0.40411,2.7612
48,-0.26608,-0.10348,3.0232,-0.25464,0.13368,2.9934,-0.24215,0.3659,2.9508,-0.24161,0.47259,2.9348,-0.38966,0.27379,2.9488,-0.42697,0.064496,2.9773,-0.45679,-0.1378,2.9838,-0.44082,-0.184,2.9821,-0.10917,0.25865,2.9059,-0.034787,0.19509,2.7613,-0.14124,0.35191,2.7168,-0.17266,0.40273,2.7221,-0.31955,-0.098131,2.9964,-0.49733,-0.27098,3.0185,-0.24348,-0.1262,2.9922,-0.31297,-0.21116,2.9622,-0.20726,-0.10663,2.9887,-0.16612,-0.35789,2.9897,0.075002,-0.24759,3.1009,-0.028003,-0.27806,3.0384,-0.24531,0.30858,2.9636,-0.426,-0.24331,2.9851,-0.46963,-0.19273,2.9614,-0.21191,0.45833,2.7045,-0.18451,0.38951,2.742
49,-0.26595,-0.10369,3.022,-0.25388,0.13327,2.9914,-0.24078,0.36536,2.9488,-0.24125,0.47276,2.9339,-0.38953,0.27351,2.9486,-0.42696,0.064144,2.9773,-0.45613,-0.14587,2.9833,-0.44096,-0.19104,2.9835,-0.10789,0.25884,2.9097,-0.03451,0.19492,2.7613,-0.13863,0.34796,2.7194,-0.16883,0.39985,2.7203,-0.31945,-0.098804,2.9952,-0.4956,-0.27352,3.0167,-0.26035,-0.1007,2.986,-0.31193,-0.19787,2.962,-0.20708,-0.10644,2.9875,-0.17144,-0.35879,2.9863,0.048573,-0.1887,3.0652,-0.051062,-0.22727,3.0016,-0.24411,0.30806,2.9615,-0.43427,-0.25214,2.9885,-0.47485,-0.1795,2.9601,-0.20919,0.45001,2.6948,-0.18448,0.37772,2.7495
50,-0.266,-0.10498,3.0202,-0.25373,0.13304,2.9904,-0.2406,0.36563,2.9485,-0.24123,0.47264,2.9329,-0.38932,0.27327,2.9482,-0.42694,0.063884,2.9772,-0.456,-0.1492,2.9817,-0.43995,-0.19337,2.9786,-0.11324,0.25148,2.9064,-0.036302,0.20022,2.7573,-0.13804,0.3476,2.7179,-0.16821,0.39927,2.7161,-0.31963,-0.10002,2.9935,-0.49539,-0.2748,3.0159,-0.25169,-0.11287,2.9978,-0.30533,-0.20891,2.972,-0.20698,-0.10776,2.9856,-0.2154,-0.36099,2.9913,0.031915,-0.20807,3.0103,-0.071153,-0.24917,2.9668,-0.24396,0.30822,2.9611,-0.43435,-0.26152,2.9923,-0.47248,-0.1949,2.9552,-0.20758,0.45049,2.689,-0.18091,0.39773,2.7308
51,-0.26551,-0.1054,3.0178,-0.25385,0.13331,2.9892,-0.24117,0.36649,2.9481,-0.2412,0.4731,2.9319,-0.38901,0.27264,2.9474,-0.42674,0.063164,2.9765,-0.45599,-0.15,2.9812,-0.4391,-0.19273,2.9756,-0.11276,0.25175,2.9064,-0.034625,0.19757,2.7548,-0.13675,0.34687,2.7159,-0.16725,0.39835,2.7166,-0.31952,-0.10042,2.9919,-0.4968,-0.27393,3.0134,-0.24926,-0.11779,3.0103,-0.30812,-0.20747,2.9561,-0.20599,-0.10819,2.9825,-0.10348,-0.34193,2.9837,0.15142,-0.20201,2.9984,0.045504,-0.24058,2.9608,-0.2444,0.30888,2.9605,-0.43274,-0.26055,2.9812,-0.46118,-0.2104,2.95,-0.20576,0.45215,2.6927,-0.18384,0.37877,2.7398
52,-0.26636,-0.10596,3.0171,-0.25455,0.13344,2.9877,-0.24174,0.36784,2.9456,-0.24134,0.47496,2.9302,-0.38864,0.27223,2.9471,-0.42651,0.062478,2.9754,-0.45136,-0.15171,2.9749,-0.4348,-0.20686,2.9734,-0.11255,0.2519,2.9065,-0.032434,0.19625,2.7533,-0.13657,0.3467,2.7157,-0.16476,0.39736,2.7189,-0.32019,-0.10069,2.9913,-0.49829,-0.274,3.0108,-0.24852,-0.12146,3.0085,-0.30955,-0.21247,2.9875,-0.20706,-0.10912,2.9817,-0.36695,-0.30755,2.9286,-0.11372,-0.17584,2.9827,-0.18534,-0.25962,2.9517,-0.24504,0.30989,2.9583,-0.4339,-0.27567,2.9812,-0.46412,-0.21559,2.9422,-0.20324,0.4518,2.6854,-0.18533,0.38772,2.7463
53,-0.26947,-0.10482,3.0302,-0.2549,0.13405,2.99,-0.24151,0.36818,2.9455,-0.24127,0.47527,2.93,-0.38814,0.27194,2.9466,-0.42641,0.06211,2.9748,-0.45154,-0.15219,2.9741,-0.43527,-0.20587,2.9722,-0.1125,0.25197,2.9065,-0.031251,0.19503,2.7519,-0.13623,0.34601,2.715,-0.1633,0.39703,2.7137,-0.32398,-0.099317,3.005,-0.50017,-0.27962,3.006,-0.25548,-0.11914,3.0036,-0.30019,-0.21891,2.9601,-0.20955,-0.1082,2.9944,-0.14084,-0.35619,2.9488,0.11154,-0.22434,3.0028,0.0039874,-0.25786,2.9709,-0.24493,0.31015,2.9583,-0.43304,-0.26888,2.9833,-0.46963,-0.20565,2.9557,-0.20467,0.44981,2.6787,-0.1805,0.3991,2.7277
54,-0.27187,-0.10589,3.0288,-0.25553,0.13404,2.9895,-0.24124,0.36888,2.9441,-0.24152,0.47584,2.9284,-0.38741,0.27232,2.9457,-0.42634,0.062362,2.9727,-0.45486,-0.15159,2.9696,-0.46067,-0.21933,2.9669,-0.11236,0.25175,2.9063,-0.030562,0.19943,2.7437,-0.12139,0.32804,2.7111,-0.19671,0.44051,2.713,-0.3266,-0.099264,3.0032,-0.48751,-0.29444,2.9989,-0.21612,-0.18534,3.0,-0.30856,-0.24396,2.9667,-0.212,-0.11061,2.9931,-0.13602,-0.35666,2.9509,0.11634,-0.22481,3.0048,0.0069012,-0.2524,2.9743,-0.24495,0.31061,2.9574,-0.47382,-0.2834,2.9627,-0.47924,-0.22128,2.9346,-0.23456,0.4685,2.7013,-0.18601,0.41783,2.7357
55,-0.26932,-0.10696,3.0187,-0.25537,0.13404,2.9871,-0.24138,0.36915,2.9437,-0.24156,0.47604,2.9278,-0.38786,0.2709,2.9443,-0.42652,0.060988,2.9718,-0.45314,-0.15323,2.9683,-0.46088,-0.21867,2.9612,-0.1124,0.2516,2.9062,-0.030215,0.19907,2.7438,-0.12125,0.33011,2.7084,-0.16338,0.39491,2.7096,-0.32296,-0.10151,2.9926,-0.49388,-0.28609,2.9974,-0.20622,-0.3372,2.9968,-0.31295,-0.308,2.9563,-0.21031,-0.11047,2.9836,-0.14774,-0.3594,2.9693,0.10465,-0.22755,3.0232,-0.0015822,-0.24916,2.962,-0.24506,0.31089,2.9566,-0.47297,-0.28221,2.9572,-0.48722,-0.20144,2.937,-0.21351,0.43912,2.6604,-0.17997,0.40447,2.7198
56,-0.26787,-0.10775,3.0156,-0.255,0.13388,2.9852,-0.2415,0.36944,2.9429,-0.24142,0.47586,2.9263,-0.3883,0.27045,2.9439,-0.4267,0.060328,2.9713,-0.45192,-0.15421,2.9677,-0.4608,-0.22077,2.9635,-0.11239,0.2515,2.9062,-0.044669,0.22351,2.7385,-0.13541,0.35184,2.7041,-0.18098,0.41888,2.7106,-0.3215,-0.10296,2.9891,-0.49063,-0.289,2.9949,-0.22577,-0.40501,3.0254,-0.30996,-0.3359,2.9657,-0.20887,-0.1106,2.9807,-0.15125,-0.35998,2.9734,0.10114,-0.22814,3.0274,-0.0064706,-0.25843,2.9837,-0.24509,0.31113,2.9557,-0.47532,-0.28147,2.9604,-0.49321,-0.21602,2.9492,-0.23201,0.46475,2.6932,-0.1858,0.40968,2.7418
57,-0.26871,-0.10825,3.0138,-0.25608,0.1342,2.9834,-0.24295,0.37098,2.9413,-0.24183,0.47749,2.9248,-0.38854,0.26996,2.9432,-0.42646,0.059451,2.9691,-0.45098,-0.15516,2.9657,-0.45996,-0.21944,2.958,-0.11248,0.25143,2.9062,-0.044769,0.22383,2.7378,-0.13531,0.35227,2.7032,-0.17611,0.41903,2.7121,-0.32254,-0.10325,2.9867,-0.49482,-0.28623,2.9928,-0.21966,-0.37308,3.0286,-0.3122,-0.32001,2.9641,-0.20949,-0.11118,2.9796,-0.147,-0.35928,2.9737,0.10539,-0.22743,3.0276,-0.0026897,-0.24018,2.9672,-0.24641,0.31236,2.954,-0.47516,-0.27987,2.9541,-0.48612,-0.21649,2.9312,-0.21399,0.47624,2.7047,-0.18844,0.40331,2.745
58,-0.26598,-0.10895,3.0111,-0.25537,0.13403,2.9822,-0.24303,0.37108,2.9411,-0.24197,0.47712,2.9239,-0.38811,0.26883,2.942,-0.42656,0.05845,2.9681,-0.44986,-0.15633,2.9638,-0.45256,-0.22223,2.9582,-0.11252,0.25152,2.906,-0.029777,0.20781,2.7359,-0.123,0.33547,2.7058,-0.16097,0.39904,2.7093,-0.32049,-0.10416,2.9845,-0.49539,-0.28426,2.992,-0.21888,-0.36732,3.027,-0.31175,-0.31603,2.961,-0.20604,-0.11154,2.9763,-0.15208,-0.35981,2.9825,0.053648,-0.1605,3.0296,-0.048933,-0.19469,2.9692,-0.24639,0.31244,2.9535,-0.46092,-0.2795,2.9456,-0.48515,-0.21269,2.9399,-0.20277,0.456,2.6708,-0.18064,0.40276,2.7231
59,-0.26561,-0.1095,3.0102,-0.2551,0.13369,2.9807,-0.24311,0.37124,2.9394,-0.24218,0.47756,2.9226,-0.38816,0.26852,2.941,-0.42679,0.058126,2.9668,-0.44987,-0.1473,2.96,-0.44936,-0.2137,2.9569,-0.11651,0.24621,2.8992,-0.028687,0.20649,2.7357,-0.12302,0.33555,2.7058,-0.16279,0.40313,2.7082,-0.32021,-0.10477,2.9834,-0.4951,-0.2847,2.9916,-0.25845,-0.42932,3.0717,-0.3164,-0.35237,2.9816,-0.20561,-0.11202,2.9757,-0.15042,-0.36037,2.9798,0.087129,-0.21272,3.053,-0.013789,-0.2603,3.0353,-0.24636,0.31249,2.9518,-0.45363,-0.27192,2.9503,-0.47953,-0.21084,2.9322,-0.19954,0.45502,2.6685,-0.1894,0.38827,2.734
60,-0.2653,-0.10953,3.0091,-0.25508,0.13376,2.9802,-0.24329,0.3714,2.9393,-0.24246,0.47771,2.9225,-0.38808,0.26843,2.9397,-0.42663,0.058135,2.9661,-0.44993,-0.1476,2.9597,-0.4403,-0.19927,2.9585,-0.11569,0.24753,2.9003,-0.02829,0.20625,2.7358,-0.12136,0.3341,2.7065,-0.16025,0.40148,2.7092,-0.3197,-0.10504,2.982,-0.49364,-0.28543,2.9922,-0.39543,-0.53984,3.0815,-0.4007,-0.44042,2.9918,-0.20547,-0.11187,2.9749,-0.10139,-0.34665,2.964,0.14061,-0.21927,3.0549,0.03458,-0.25706,3.0341,-0.24648,0.31262,2.9516,-0.44794,-0.26424,2.9513,-0.47325,-0.20079,2.935,-0.19762,0.45864,2.6755,-0.17802,0.39082,2.7273
61,-0.26599,-0.10951,3.009,-0.25538,0.13376,2.9802,-0.24358,0.37145,2.9397,-0.24291,0.47761,2.9227,-0.3881,0.26777,2.9386,-0.42686,0.05756,2.9652,-0.44832,-0.15289,2.9595,-0.4374,-0.20098,2.9584,-0.11514,0.24831,2.9008,-0.027381,0.20531,2.736,-0.13804,0.38946,2.7088,-0.19073,0.44662,2.7058,-0.32011,-0.10502,2.982,-0.49413,-0.28546,2.9917,-0.40396,-0.54452,3.0763,-0.41524,-0.43528,3.0075,-0.20651,-0.11184,2.9745,-0.21256,-0.36424,2.9862,0.069125,-0.33494,3.0459,-0.041864,-0.32936,2.9949,-0.24674,0.31266,2.9519,-0.43902,-0.26527,2.9576,-0.47261,-0.20914,2.9338,-0.2271,0.47512,2.6935,-0.19314,0.42884,2.7488
62,-0.26669,-0.1094,3.0082,-0.25568,0.13395,2.9792,-0.2435,0.37186,2.9385,-0.24315,0.47784,2.9211,-0.38848,0.26689,2.9372,-0.42664,0.056559,2.9638,-0.44844,-0.15422,2.9587,-0.43818,-0.20009,2.9584,-0.11657,0.24994,2.8963,-0.026392,0.20508,2.7352,-0.12345,0.34184,2.7071,-0.16014,0.40287,2.7065,-0.32113,-0.1047,2.9811,-0.49393,-0.28599,2.992,-0.25253,-0.44466,3.0228,-0.31215,-0.35043,2.9669,-0.20692,-0.11188,2.9741,-0.36222,-0.31321,2.9127,0.00938,-0.16962,2.9973,-0.08297,-0.23204,2.9642,-0.24675,0.31303,2.9507,-0.43793,-0.26591,2.9586,-0.47483,-0.21083,2.937,-0.21317,0.44564,2.6562,-0.18105,0.39699,2.7358
63,-0.26563,-0.10868,3.0204,-0.25566,0.13432,2.9818,-0.24365,0.37201,2.9384,-0.24335,0.47765,2.9205,-0.38868,0.2666,2.9364,-0.4262,0.056147,2.9629,-0.44793,-0.15886,2.9562,-0.43856,-0.20608,2.9559,-0.11769,0.24972,2.8952,-0.023496,0.20374,2.7336,-0.12264,0.34158,2.7071,-0.1568,0.40082,2.7071,-0.31975,-0.1044,2.9926,-0.4931,-0.28919,2.9849,-0.20087,-0.29672,2.9857,-0.28322,-0.22318,2.9329,-0.20618,-0.11074,2.9872,-0.35871,-0.30928,2.9001,-0.084785,-0.25587,2.9769,-0.16834,-0.28003,2.957,-0.24687,0.31318,2.9508,-0.4422,-0.27292,2.9626,-0.47163,-0.20122,2.9253,-0.21002,0.44656,2.6473,-0.17748,0.41413,2.7251
64,-0.27454,-0.10548,3.0455,-0.25787,0.13511,2.9891,-0.24367,0.37202,2.9383,-0.24377,0.47759,2.9201,-0.38747,0.26697,2.935,-0.42639,0.05684,2.9618,-0.44972,-0.15796,2.9563,-0.43947,-0.20657,2.9571,-0.11594,0.25031,2.8979,-0.02361,0.20615,2.7299,-0.1158,0.33487,2.7037,-0.13443,0.36945,2.7015,-0.32838,-0.098427,3.0186,-0.54375,-0.23262,2.9646,-0.26086,-0.30612,2.9658,-0.36857,-0.28168,2.9369,-0.21526,-0.11029,3.0116,-0.35429,-0.28853,2.858,-0.079878,-0.25138,2.9413,-0.17212,-0.28003,2.9547,-0.24698,0.31324,2.9511,-0.43875,-0.27318,2.9558,-0.47286,-0.21375,2.9296,-0.16238,0.42369,2.7157,-0.16076,0.36933,2.7042
65,-0.27789,-0.1058,3.0488,-0.26,0.13593,2.993,-0.24367,0.37259,2.9382,-0.24349,0.47714,2.9185,-0.38689,0.26732,2.9344,-0.42654,0.057356,2.9614,-0.4499,-0.15744,2.9562,-0.45447,-0.22235,2.9553,-0.11505,0.25096,2.9001,-0.023102,0.2057,2.7303,-0.11468,0.33452,2.7015,-0.1459,0.39132,2.7064,-0.33111,-0.098244,3.022,-0.48067,-0.30502,2.9796,-0.21971,-0.17253,2.9654,-0.31043,-0.2335,2.9436,-0.21923,-0.11119,3.0146,-0.35241,-0.28659,2.8504,-0.07827,-0.25098,2.9349,-0.18062,-0.28218,2.9343,-0.24729,0.31395,2.9517,-0.46754,-0.28092,2.9462,-0.48695,-0.21288,2.9506,-0.1742,0.44521,2.7076,-0.16205,0.38434,2.7067
66,-0.28146,-0.10822,3.033,-0.26063,0.13582,2.9908,-0.24336,0.37299,2.9377,-0.24357,0.47767,2.9179,-0.38621,0.26773,2.9332,-0.42664,0.057993,2.9605,-0.44996,-0.15678,2.9564,-0.46005,-0.2127,2.9544,-0.1144,0.25096,2.9007,-0.023083,0.20628,2.7285,-0.11453,0.33542,2.7015,-0.14025,0.37849,2.7063,-0.33464,-0.099694,3.0058,-0.55744,-0.22288,2.9775,-0.28252,-0.3219,2.9753,-0.39037,-0.29967,2.9502,-0.2227,-0.11455,2.9993,-0.36261,-0.29843,2.855,-0.089004,-0.26298,2.941,-0.19309,-0.28921,2.939,-0.24724,0.31418,2.9514,-0.47715,-0.27269,2.9455,-0.4838,-0.20448,2.9298,-0.16968,0.43351,2.7204,-0.16468,0.38359,2.7155
67,-0.27579,-0.10764,3.0333,-0.26025,0.13595,2.9908,-0.24379,0.37331,2.9377,-0.2442,0.47765,2.9174,-0.38686,0.26676,2.9325,-0.4267,0.056916,2.9598,-0.45028,-0.15781,2.9563,-0.46217,-0.2141,2.956,-0.1142,0.25255,2.9016,-0.022509,0.20433,2.7305,-0.1117,0.3347,2.701,-0.15261,0.40176,2.7043,-0.3292,-0.10067,3.0057,-0.48564,-0.30231,2.9837,-0.20705,-0.21307,2.9707,-0.3079,-0.25589,2.945,-0.21642,-0.11222,2.9999,-0.13845,-0.35691,2.9378,0.12786,-0.29073,3.0255,0.014961,-0.29519,2.9852,-0.24746,0.31443,2.9515,-0.48029,-0.27435,2.9525,-0.48309,-0.18632,2.9307,-0.18772,0.4522,2.6645,-0.17246,0.40484,2.7185
68,-0.27248,-0.11114,3.0251,-0.25884,0.13453,2.9873,-0.24354,0.37324,2.937,-0.24434,0.47782,2.9168,-0.38684,0.26683,2.9319,-0.42706,0.057049,2.9591,-0.46191,-0.15316,2.9505,-0.46335,-0.22093,2.9552,-0.11399,0.25253,2.9019,-0.025441,0.21156,2.7257,-0.11644,0.34123,2.7005,-0.13246,0.36864,2.7011,-0.32507,-0.10511,2.9968,-0.48294,-0.30412,2.9906,-0.21686,-0.18349,2.9667,-0.31692,-0.22804,2.9417,-0.21407,-0.11489,2.9924,-0.19547,-0.37118,2.9368,0.071578,-0.30168,3.0207,-0.040927,-0.30818,2.9849,-0.24717,0.31424,2.9507,-0.47974,-0.27974,2.9542,-0.49032,-0.21659,2.9398,-0.16234,0.42357,2.715,-0.16189,0.38447,2.7029
69,-0.26871,-0.11078,3.0142,-0.25544,0.13536,2.9838,-0.23978,0.37513,2.9378,-0.24351,0.47897,2.9164,-0.3869,0.26658,2.9313,-0.42704,0.05687,2.959,-0.4579,-0.15665,2.9551,-0.45436,-0.21878,2.9567,-0.11377,0.25321,2.9021,-0.024222,0.20931,2.7275,-0.11372,0.33971,2.6998,-0.14534,0.39177,2.7062,-0.3229,-0.10661,2.9861,-0.49418,-0.29244,2.9885,-0.21129,-0.21869,2.97,-0.30993,-0.26538,2.9497,-0.20867,-0.11255,2.981,-0.36471,-0.31008,2.8975,-0.092367,-0.25989,2.9802,-0.1849,-0.31516,2.9738,-0.244,0.3157,2.9507,-0.45458,-0.28082,2.9467,-0.49164,-0.22895,2.9478,-0.17769,0.44649,2.7047,-0.15904,0.37088,2.7115
70,-0.26931,-0.11101,3.01,-0.25692,0.13508,2.9807,-0.24225,0.37514,2.9369,-0.2441,0.47918,2.9156,-0.38757,0.26621,2.9303,-0.42706,0.056404,2.9582,-0.45409,-0.15794,2.9528,-0.45135,-0.2248,2.9551,-0.11522,0.25344,2.897,-0.023428,0.20868,2.7274,-0.1132,0.33895,2.7002,-0.14709,0.39166,2.7049,-0.32401,-0.10667,2.9818,-0.49562,-0.29133,2.9894,-0.2089,-0.2337,2.9775,-0.31159,-0.27197,2.9486,-0.20888,-0.11298,2.977,-0.35656,-0.31843,2.8991,-0.0017196,-0.16055,2.9932,-0.09337,-0.21517,2.9308,-0.24601,0.31569,2.9495,-0.45646,-0.28875,2.955,-0.488,-0.22515,2.9408,-0.17983,0.44465,2.6979,-0.16392,0.3825,2.7102
71,-0.26933,-0.10987,3.0181,-0.25698,0.13496,2.9815,-0.2425,0.37478,2.9365,-0.24422,0.47887,2.9151,-0.38803,0.26559,2.9296,-0.42716,0.055857,2.9581,-0.45359,-0.15856,2.9526,-0.45181,-0.22335,2.9541,-0.11624,0.25372,2.8945,-0.023366,0.20803,2.7282,-0.11258,0.33862,2.7004,-0.14735,0.39145,2.7058,-0.3234,-0.10589,2.9899,-0.49649,-0.29156,2.9861,-0.20913,-0.23719,2.9742,-0.31287,-0.27254,2.9432,-0.20967,-0.11154,2.9854,-0.35426,-0.31536,2.8919,2.2712e-06,-0.16189,2.9939,-0.092036,-0.21611,2.9319,-0.24614,0.31551,2.9495,-0.45819,-0.28836,2.9542,-0.48644,-0.22319,2.9188,-0.1773,0.44553,2.6989,-0.16812,0.37361,2.7126
72,-0.27641,-0.10939,3.0355,-0.25782,0.13433,2.9845,-0.24188,0.37375,2.9353,-0.24418,0.47846,2.9148,-0.38748,0.26601,2.9289,-0.42717,0.056384,2.9574,-0.45633,-0.15771,2.9493,-0.45985,-0.22663,2.9525,-0.11508,0.25344,2.8972,-0.026735,0.21329,2.7256,-0.11721,0.34297,2.6978,-0.13463,0.36896,2.7023,-0.32994,-0.10272,3.0095,-0.48606,-0.30556,2.9825,-0.21556,-0.19467,2.9648,-0.31862,-0.23188,2.9398,-0.21736,-0.11359,3.001,-0.35141,-0.31041,2.8706,-0.078258,-0.24524,2.941,-0.1888,-0.24912,2.8974,-0.24597,0.31501,2.9493,-0.47419,-0.2894,2.9483,-0.49164,-0.25737,2.9402,-0.16212,0.423,2.7114,-0.15543,0.36515,2.7083
73,-0.27842,-0.11062,3.0273,-0.25845,0.13402,2.9834,-0.24187,0.37358,2.9347,-0.24421,0.47841,2.9143,-0.38723,0.26621,2.9285,-0.42732,0.056654,2.957,-0.45333,-0.15779,2.9528,-0.46003,-0.22628,2.9568,-0.11429,0.2533,2.8988,-0.0265,0.213,2.7256,-0.11709,0.34241,2.6964,-0.12673,0.35238,2.6984,-0.33184,-0.10301,3.0002,-0.48669,-0.306,2.9852,-0.21776,-0.19132,2.9673,-0.31804,-0.23513,2.944,-0.21947,-0.11583,2.9933,-0.35602,-0.31717,2.8767,-0.08263,-0.25716,2.9502,-0.19267,-0.25522,2.9021,-0.24609,0.31476,2.9486,-0.46991,-0.28879,2.952,-0.4895,-0.22049,2.947,-0.15563,0.40346,2.696,-0.16425,0.37453,2.7067
74,-0.27114,-0.11151,3.0122,-0.25819,0.13315,2.9801,-0.24306,0.37268,2.9338,-0.24461,0.47802,2.9142,-0.38761,0.2656,2.9281,-0.42736,0.056052,2.9569,-0.45352,-0.15837,2.9528,-0.45996,-0.22505,2.9528,-0.11635,0.25189,2.893,-0.024066,0.20617,2.7302,-0.10799,0.33701,2.6861,-0.12439,0.34747,2.6968,-0.32604,-0.10562,2.9845,-0.49036,-0.29807,2.988,-0.2144,-0.20161,2.9703,-0.30918,-0.25596,2.9329,-0.21067,-0.11509,2.9788,-0.21027,-0.37304,2.9366,0.055777,-0.29002,3.0124,-0.051758,-0.27676,2.9499,-0.24695,0.31386,2.9474,-0.4743,-0.28936,2.9441,-0.48637,-0.2173,2.9269,-0.15702,0.40273,2.6973,-0.15996,0.36753,2.7018
75,-0.27128,-0.11192,3.011,-0.25869,0.13237,2.9787,-0.24417,0.37164,2.9331,-0.24501,0.47724,2.9139,-0.38802,0.26493,2.9273,-0.42742,0.055479,2.9569,-0.45345,-0.15883,2.9527,-0.4584,-0.22661,2.9543,-0.11777,0.25214,2.8904,-0.024082,0.20073,2.7332,-0.10466,0.33291,2.6862,-0.12579,0.3474,2.6976,-0.32631,-0.10611,2.9833,-0.49121,-0.29773,2.9884,-0.2061,-0.23281,2.977,-0.26408,-0.32406,2.9638,-0.21067,-0.11542,2.9776,-0.17631,-0.37133,2.9526,0.096431,-0.31594,3.0287,-0.010726,-0.29902,2.965,-0.24792,0.31282,2.9465,-0.4723,-0.28714,2.9543,-0.49101,-0.24513,2.9402,-0.15476,0.40368,2.6974,-0.16038,0.36943,2.7
76,-0.27023,-0.11213,3.009,-0.25809,0.13181,2.9769,-0.24416,0.371,2.9323,-0.24503,0.47655,2.9131,-0.38825,0.26487,2.9273,-0.4277,0.055451,2.957,-0.45331,-0.15877,2.9527,-0.4599,-0.22655,2.9575,-0.11669,0.25166,2.8941,-0.02443,0.19475,2.7367,-0.12026,0.33717,2.6954,-0.1585,0.3919,2.6973,-0.32526,-0.10664,2.9812,-0.49307,-0.29512,2.9887,-0.20711,-0.2341,2.9775,-0.30393,-0.28433,2.9574,-0.20967,-0.11534,2.9757,-0.1451,-0.36416,2.9699,0.1273,-0.30575,3.0447,0.020413,-0.28589,2.9806,-0.24779,0.31213,2.9455,-0.47,-0.28775,2.9605,-0.49541,-0.22503,2.9405,-0.21481,0.43762,2.6617,-0.16999,0.38393,2.7103
77,-0.26967,-0.1124,3.0083,-0.25752,0.13127,2.9761,-0.24386,0.37025,2.9317,-0.24481,0.47597,2.9128,-0.38805,0.26521,2.9268,-0.42766,0.055866,2.9567,-0.45307,-0.15864,2.9529,-0.45787,-0.22516,2.9548,-0.11786,0.24953,2.8907,-0.024273,0.19292,2.7371,-0.12056,0.33749,2.6954,-0.18622,0.42685,2.6933,-0.3249,-0.10688,2.9807,-0.49437,-0.29379,2.9885,-0.20795,-0.2349,2.9785,-0.30024,-0.28513,2.9178,-0.2089,-0.11561,2.975,-0.14298,-0.36381,2.9715,0.12955,-0.3062,3.0464,0.023038,-0.28499,2.9818,-0.24742,0.31138,2.9448,-0.47085,-0.28813,2.9491,-0.48006,-0.22041,2.9287,-0.22311,0.45663,2.6746,-0.1847,0.40494,2.7309
78,-0.26911,-0.11268,3.0076,-0.25721,0.13096,2.9751,-0.24392,0.36993,2.931,-0.24472,0.47567,2.9121,-0.38838,0.26524,2.9261,-0.42815,0.056079,2.9567,-0.45243,-0.15855,2.9532,-0.4584,-0.22491,2.9562,-0.11841,0.24891,2.8897,-0.023656,0.19156,2.7359,-0.14746,0.36346,2.6857,-0.18667,0.42701,2.6918,-0.32451,-0.10726,2.98,-0.49446,-0.29349,2.9888,-0.20794,-0.23514,2.9767,-0.30033,-0.28568,2.9168,-0.20817,-0.11579,2.9742,-0.19053,-0.37077,2.976,0.084064,-0.31958,3.0489,-0.018471,-0.28842,2.9805,-0.2474,0.31104,2.944,-0.4713,-0.28793,2.947,-0.48632,-0.23058,2.9306,-0.22177,0.45292,2.6798,-0.17898,0.39755,2.717
79,-0.26962,-0.1128,3.0075,-0.25744,0.13063,2.9746,-0.24388,0.36909,2.9298,-0.24444,0.47519,2.9114,-0.3887,0.26477,2.925,-0.42856,0.055824,2.9564,-0.45151,-0.15895,2.9535,-0.45909,-0.22573,2.9518,-0.11878,0.24803,2.8888,-0.023842,0.19065,2.736,-0.14703,0.36538,2.6981,-0.18569,0.42043,2.6868,-0.32528,-0.10729,2.9797,-0.48733,-0.30081,2.9874,-0.20672,-0.21861,2.973,-0.29426,-0.27956,2.9184,-0.20853,-0.11598,2.9743,-0.15129,-0.36532,2.9773,0.1241,-0.31779,3.0492,0.019535,-0.28996,2.983,-0.24745,0.31032,2.943,-0.47225,-0.28972,2.9548,-0.49003,-0.20306,2.9315,-0.21892,0.45255,2.6787,-0.17518,0.39804,2.7132
80,-0.26975,-0.11277,3.0077,-0.25797,0.13013,2.9741,-0.24573,0.36699,2.9271,-0.24488,0.47433,2.9108,-0.38923,0.26448,2.9241,-0.42909,0.055703,2.9563,-0.45132,-0.15913,2.9538,-0.43972,-0.20024,2.9585,-0.11717,0.24945,2.8931,-0.024682,0.18703,2.7379,-0.14596,0.3628,2.6981,-0.18208,0.41433,2.6892,-0.32568,-0.10731,2.9798,-0.48757,-0.30013,2.991,-0.21019,-0.20889,2.9658,-0.29523,-0.27235,2.9635,-0.20844,-0.11587,2.975,-0.1114,-0.3455,3.0103,0.16431,-0.30061,3.0818,0.058492,-0.28429,3.0123,-0.2489,0.30867,2.9409,-0.44558,-0.26565,2.9557,-0.47316,-0.20644,2.9326,-0.22638,0.44763,2.6801,-0.18091,0.39227,2.7222
81,-0.26888,-0.11296,3.0081,-0.25609,0.13054,2.9748,-0.24172,0.36907,2.9295,-0.24225,0.47231,2.9069,-0.38951,0.26452,2.9231,-0.42966,0.055924,2.9558,-0.45165,-0.15885,2.9555,-0.46078,-0.22466,2.9593,-0.11604,0.2492,2.8948,-0.024954,0.18292,2.7393,-0.14745,0.35529,2.6871,-0.18288,0.41188,2.6866,-0.32521,-0.10757,2.9798,-0.49567,-0.29244,2.9921,-0.21291,-0.21955,2.9673,-0.29792,-0.28241,2.9662,-0.20691,-0.11593,2.976,-0.21059,-0.35845,3.0285,0.058428,-0.26204,3.0768,-0.044867,-0.25711,3.0015,-0.24556,0.31015,2.9428,-0.4704,-0.28801,2.9524,-0.49533,-0.22917,2.9365,-0.21847,0.44272,2.6731,-0.18235,0.38237,2.7177
82,-0.26972,-0.11285,3.0086,-0.25727,0.1296,2.9739,-0.24433,0.36535,2.9255,-0.2426,0.4704,2.9058,-0.39027,0.26502,2.9216,-0.42995,0.056569,2.9554,-0.45208,-0.15817,2.9554,-0.46185,-0.21992,2.9584,-0.11705,0.24978,2.8931,-0.025709,0.18081,2.7416,-0.14537,0.35461,2.6872,-0.1825,0.404,2.6851,-0.32578,-0.10737,2.9798,-0.49928,-0.2891,2.9931,-0.21768,-0.21136,2.9704,-0.30134,-0.27636,2.9686,-0.20818,-0.116,2.9771,-0.2133,-0.3637,3.0138,0.064292,-0.28882,3.0526,-0.0442,-0.28741,2.9913,-0.24774,0.30731,2.9398,-0.47702,-0.28294,2.961,-0.49395,-0.21069,2.9471,-0.22077,0.43804,2.6707,-0.19008,0.37552,2.7373
83,-0.27085,-0.11268,3.0093,-0.25878,0.1281,2.9734,-0.24674,0.36099,2.9238,-0.24145,0.46422,2.9019,-0.3909,0.26548,2.92,-0.43023,0.057187,2.9548,-0.45196,-0.15756,2.9557,-0.46161,-0.21963,2.9609,-0.11593,0.2506,2.8956,-0.030272,0.18442,2.7355,-0.14328,0.35245,2.6861,-0.18215,0.39438,2.6893,-0.3269,-0.10701,2.9801,-0.50073,-0.2882,2.9941,-0.21845,-0.21308,2.9707,-0.31395,-0.25656,2.9091,-0.20938,-0.11607,2.9783,-0.17328,-0.36217,3.0131,0.10509,-0.29258,3.0544,-0.0047204,-0.29335,2.9965,-0.24993,0.30371,2.9383,-0.47719,-0.28305,2.9621,-0.49774,-0.22363,2.9482,-0.21448,0.43593,2.6704,-0.20202,0.3674,2.7238
84,-0.2743,-0.11213,3.0114,-0.26002,0.1268,2.9722,-0.24639,0.35665,2.9179,-0.24083,0.46211,2.8994,-0.39129,0.26586,2.9177,-0.43091,0.057834,2.9532,-0.45221,-0.15689,2.9555,-0.46354,-0.21884,2.9593,-0.11468,0.25108,2.8972,-0.033699,0.18627,2.7334,-0.14254,0.3505,2.686,-0.18113,0.39015,2.6842,-0.3301,-0.1055,2.9813,-0.51267,-0.27883,2.9913,-0.22226,-0.24474,2.98,-0.31786,-0.29651,2.9624,-0.21324,-0.1166,2.9814,-0.12589,-0.34965,3.0178,0.13498,-0.30689,3.1289,0.026673,-0.30544,3.0648,-0.25019,0.30024,2.9339,-0.47526,-0.28259,2.9573,-0.49375,-0.2155,2.9388,-0.21136,0.42537,2.6635,-0.20312,0.36097,2.7222
85,-0.27507,-0.11212,3.0125,-0.26077,0.1258,2.9722,-0.24707,0.35508,2.9174,-0.24069,0.46039,2.8986,-0.39174,0.26679,2.9166,-0.43144,0.058781,2.9522,-0.45455,-0.15567,2.9557,-0.46414,-0.21933,2.9596,-0.1131,0.25191,2.9002,-0.034883,0.18703,2.733,-0.14235,0.34852,2.6864,-0.17894,0.38366,2.6852,-0.33083,-0.10549,2.9822,-0.51304,-0.27973,2.9913,-0.22366,-0.23809,2.978,-0.32968,-0.26613,2.9466,-0.21392,-0.11658,2.9827,-0.12447,-0.34667,3.0264,0.13766,-0.28864,3.1284,0.027516,-0.29462,3.0719,-0.25087,0.2987,2.9334,-0.47468,-0.28124,2.9529,-0.49514,-0.21389,2.9438,-0.20996,0.42072,2.6712,-0.19592,0.35498,2.7189
86,-0.2754,-0.11198,3.0142,-0.26118,0.12477,2.9714,-0.24773,0.35187,2.9121,-0.24088,0.45956,2.897,-0.39213,0.26713,2.9154,-0.43231,0.059205,2.951,-0.4549,-0.15521,2.9559,-0.46591,-0.21708,2.9605,-0.11235,0.25226,2.9017,-0.036751,0.18834,2.7344,-0.14238,0.3475,2.6871,-0.17953,0.38181,2.6821,-0.33091,-0.10541,2.9829,-0.50913,-0.28369,2.9935,-0.22059,-0.23674,2.9799,-0.32554,-0.26851,2.9502,-0.21458,-0.11636,2.9854,-0.10997,-0.34057,3.0287,0.1536,-0.25787,3.1103,0.042824,-0.26776,3.0574,-0.25143,0.296,2.9294,-0.47594,-0.2822,2.9612,-0.49876,-0.20579,2.9453,-0.20877,0.41791,2.677,-0.19148,0.35076,2.7172
87,-0.2747,-0.11185,3.015,-0.26158,0.12459,2.9714,-0.25045,0.35192,2.9122,-0.24154,0.45945,2.8969,-0.39268,0.26744,2.9145,-0.43273,0.059446,2.9504,-0.45571,-0.15508,2.9551,-0.4649,-0.21658,2.9576,-0.11226,0.25276,2.9025,-0.026437,0.15893,2.7738,-0.13382,0.33252,2.694,-0.17957,0.37787,2.6769,-0.33048,-0.10553,2.9833,-0.50834,-0.28447,2.9939,-0.22548,-0.253,2.9189,-0.32272,-0.27609,2.935,-0.2135,-0.11585,2.9866,-0.12251,-0.34754,3.0251,0.14286,-0.27173,3.1074,0.031801,-0.27759,3.0546,-0.25329,0.29589,2.9293,-0.47624,-0.28247,2.9561,-0.49952,-0.21463,2.9491,-0.2019,0.41241,2.6731,-0.20911,0.35649,2.6805
88,-0.27497,-0.11168,3.017,-0.26253,0.12461,2.9714,-0.25261,0.35279,2.9113,-0.24193,0.45937,2.8949,-0.39336,0.26745,2.9127,-0.43356,0.059745,2.9497,-0.45511,-0.15494,2.9543,-0.46152,-0.21946,2.9519,-0.11174,0.25366,2.9035,-0.017009,0.14558,2.7754,-0.12618,0.31989,2.7001,-0.17964,0.374,2.6731,-0.33057,-0.1055,2.9844,-0.5135,-0.28055,2.9907,-0.22938,-0.2614,2.9166,-0.32624,-0.28127,2.935,-0.21397,-0.11549,2.9896,-0.098503,-0.32629,3.0536,0.17263,-0.24966,3.1164,0.063021,-0.26324,3.0597,-0.25512,0.29646,2.9287,-0.47419,-0.28124,2.9433,-0.48948,-0.21574,2.9292,-0.20206,0.40806,2.6843,-0.19021,0.3642,2.6343
89,-0.27539,-0.11159,3.0184,-0.26347,0.1245,2.9723,-0.2537,0.35307,2.9125,-0.24239,0.45845,2.8944,-0.39332,0.26755,2.911,-0.43494,0.060175,2.9481,-0.45485,-0.15481,2.9506,-0.45821,-0.21913,2.9428,-0.1109,0.25426,2.9053,-0.02159,0.14742,2.7831,-0.13011,0.31895,2.6998,-0.17255,0.35154,2.6791,-0.33076,-0.10546,2.985,-0.49632,-0.29849,2.9852,-0.21658,-0.25923,2.9019,-0.31485,-0.28325,2.9152,-0.21464,-0.11539,2.9917,-0.049007,-0.2707,3.0845,-0.20628,-0.3143,2.8366,-0.20675,-0.37218,2.7308,-0.25617,0.29662,2.9297,-0.47322,-0.2802,2.9398,-0.49263,-0.21479,2.9399,-0.20132,0.38022,2.662,-0.20128,0.33241,2.6449
